raw_predictors/buf_land_ENVS/X5m_mean_00s_bio12.asc
NCOLS 685 
NROWS 631 
XLLCORNER -91.732961667 
YLLCORNER -37.473667521 
CELLSIZE 0.08331 
NODATA_value -9999 
[rows 555 to 591 of 631, columns 410 to 491 of 685]
989 988 986 984 982 980 978 976 976 976 977 978 979 980 980 981 981 981 981 981 982 982 983 984 985 987 988 990 992 994 997 999 1002 1005 1008 1011 1013 1015 1017 1018 1018 1018 1018 1018 1018 1018 1018 1018 1019 1021 1023 1025 1027 1029 1031 1033 1035 1037 1039 1041 1044 1046 1048 1051 1055 1058 1062 1066 1070 1073 1076 1079 1081 -9999 -9999 -9999 1089 1092 1097 1102 1109 1118
979 979 979 978 978 977 975 975 974 975 975 976 977 978 978 978 978 979 979 979 980 980 981 982 983 984 986 988 989 992 994 996 999 1001 1004 1007 1009 1011 1013 1014 1016 1017 1018 1019 1019 1020 1021 1022 1022 1023 1024 1024 1025 1027 1028 1030 1032 1034 1036 1039 1041 1043 1046 1049 1052 1056 1059 1063 1067 1070 1073 1076 -9999 -9999 -9999 -9999 1086 1089 1095 1102 1111 1121
972 972 973 973 973 973 973 973 973 973 974 974 975 976 976 976 976 976 976 977 977 978 979 980 981 982 984 985 987 989 991 993 996 998 1001 1003 1005 1007 1009 1012 1014 1016 1017 1019 1021 1022 1023 1024 1024 1024 1024 1024 1024 1024 1025 1027 1029 1031 1034 1037 1039 1042 1044 1047 1050 1054 1057 1060 1064 1067 -9999 -9999 -9999 -9999 -9999 -9999 1084 1089 1095 1103 1113 -9999
966 967 968 969 970 970 970 970 970 971 971 972 973 974 974 974 974 974 974 974 975 976 977 978 979 980 981 983 985 987 989 991 994 996 998 1000 1002 1005 1007 1009 1012 1014 1016 1019 1021 1023 1024 1025 1025 1024 1024 1023 1022 1022 1023 1025 1027 1030 1033 1036 1039 1042 1044 1047 1050 1053 1056 1059 -9999 -9999 -9999 -9999 -9999 1075 1078 1081 1085 1091 1098 1106 -9999 -9999
964 965 966 967 967 968 968 968 968 968 969 970 971 971 972 972 971 971 971 972 972 973 974 975 976 978 979 981 983 986 988 990 992 995 997 999 1001 1003 1005 1007 1010 1012 1015 1018 1020 1022 1024 1024 1024 1023 1022 1021 1021 1020 1021 1023 1026 1029 1033 1037 1041 1044 1047 1050 1052 1054 1056 1058 -9999 -9999 -9999 -9999 1071 1075 1079 1084 1089 1096 -9999 -9999 -9999 -9999
964 964 965 965 965 965 965 965 965 966 966 967 968 969 969 969 969 969 969 969 969 970 971 973 974 976 978 980 983 985 988 990 992 994 996 997 999 1001 1004 1006 1008 1011 1013 1016 1018 1020 1021 1022 1022 1021 1020 1019 1019 1019 1020 1022 1025 1030 1034 1039 1044 1048 1051 1053 1055 1057 1058 1059 -9999 -9999 -9999 1066 1071 1076 1082 1088 1095 -9999 -9999 -9999 -9999 -9999
965 965 965 964 964 963 963 962 962 963 964 965 966 967 967 967 967 967 967 967 967 968 969 971 973 975 977 980 983 985 988 990 992 994 995 997 999 1000 1003 1005 1007 1009 1011 1013 1015 1017 1018 1019 1019 1019 1018 1018 1017 1018 1019 1022 1026 1031 1036 1042 1047 1052 1055 1058 1059 1060 1060 -9999 -9999 -9999 1063 1066 1071 1078 1085 1094 -9999 -9999 -9999 -9999 -9999 -9999
967 967 966 964 963 961 960 960 960 960 961 963 964 965 965 965 965 965 965 965 966 967 968 970 972 975 977 980 983 986 989 991 993 994 995 997 998 1000 1002 1003 1005 1007 1008 1010 1012 1013 1014 1015 1016 1016 1016 1016 1016 1017 1019 1023 1027 1033 1039 1045 1051 1056 1060 1062 1064 1064 1063 1062 1062 1062 1063 1067 1073 1081 1090 -9999 -9999 -9999 -9999 -9999 -9999 -9999
969 968 966 964 962 960 959 958 958 958 959 960 962 963 963 964 964 964 964 965 966 967 968 971 973 976 979 982 985 988 990 992 993 994 995 997 998 999 1001 1002 1003 1004 1006 1007 1008 1010 1011 1012 1013 1014 1014 1015 1016 1018 1021 1025 1030 1035 1042 1048 1055 1060 1064 1066 1068 1068 1067 1065 1064 1064 1066 1070 1076 -9999 -9999 -9999 -9999 -9999 -9999 -9999 -9999 -9999
970 969 966 964 961 959 957 956 956 956 957 959 960 961 962 963 963 964 965 966 967 969 971 974 976 979 982 985 987 990 992 993 994 995 996 996 997 998 999 1000 1001 1002 1003 1004 1005 1007 1008 1009 1011 1012 1014 1015 1017 1020 1023 1028 1033 1039 1045 1052 1058 1063 1067 1070 1071 1071 1070 1069 1068 1068 1070 -9999 -9999 -9999 -9999 -9999 -9999 -9999 -9999 -9999 -9999 -9999
970 968 966 963 961 958 956 955 955 955 956 957 959 960 961 962 964 965 967 969 971 974 976 979 982 984 987 989 991 993 994 995 996 996 996 996 997 997 998 998 999 999 1000 1001 1003 1004 1006 1008 1010 1012 1014 1017 1020 1023 1027 1032 1037 1043 1049 1055 1061 1066 1070 1073 1074 1075 1074 1074 1073 -9999 -9999 -9999 -9999 -9999 -9999 -9999 -9999 -9999 -9999 -9999 -9999 -9999
968 967 964 962 960 957 956 955 954 955 955 957 958 959 961 963 965 968 970 974 977 980 984 987 989 991 993 994 996 997 997 997 997 997 997 996 996 996 996 996 996 997 998 999 1001 1002 1004 1007 1009 1012 1016 1019 1023 1028 1032 1037 1042 1047 1053 1058 1063 1068 1072 1075 1077 1078 1079 1079 -9999 -9999 -9999 -9999 -9999 -9999 -9999 -9999 -9999 -9999 -9999 -9999 -9999 -9999
966 964 963 961 959 957 955 954 954 955 955 956 958 959 961 964 967 971 975 979 984 988 992 995 998 999 1000 1000 1001 1001 1000 1000 999 998 997 996 995 994 994 994 994 995 996 998 999 1001 1004 1006 1010 1014 1018 1023 1028 1033 1038 1043 1047 1052 1057 1061 1066 1070 1074 1077 1079 1081 1083 1084 -9999 -9999 -9999 -9999 -9999 -9999 -9999 -9999 -9999 -9999 -9999 -9999 -9999 -9999
963 962 961 959 958 956 955 955 955 955 956 957 958 960 962 966 970 975 980 986 991 996 1000 1004 1005 1006 1006 1006 1005 1004 1003 1001 1000 998 997 995 994 993 992 992 992 993 994 996 998 1001 1003 1007 1011 1016 1021 1027 1032 1038 1044 1048 1053 1057 1060 1064 1068 1071 1075 1078 1081 1084 -9999 -9999 -9999 -9999 -9999 -9999 -9999 -9999 -9999 -9999 -9999 -9999 -9999 -9999 -9999 -9999
960 960 959 958 957 956 955 955 955 956 957 958 959 961 964 968 973 979 985 991 997 1003 1007 1010 1012 1012 1011 1009 1008 1006 1004 1002 1000 998 996 994 993 991 990 990 991 992 993 995 998 1001 1004 1008 1012 1018 1024 1030 1037 1043 1049 1053 1057 1060 1063 1066 1069 1072 1075 1079 1082 -9999 -9999 -9999 -9999 -9999 -9999 -9999 -9999 -9999 -9999 -9999 -9999 -9999 -9999 -9999 -9999 -9999
959 958 958 957 956 955 955 955 956 957 958 959 961 963 966 971 976 982 988 995 1001 1007 1011 1014 1015 1014 1012 1010 1008 1005 1003 1000 998 996 994 993 991 990 989 989 989 991 993 995 998 1001 1005 1009 1014 1020 1027 1034 1040 1047 1052 1057 1060 1062 1065 1067 1069 1071 1074 1078 -9999 -9999 -9999 -9999 -9999 -9999 -9999 -9999 -9999 -9999 -9999 -9999 -9999 -9999 -9999 -9999 -9999 -9999
958 957 957 956 955 955 955 955 956 957 959 961 963 965 969 973 978 984 991 997 1003 1008 1012 1014 1014 1013 1011 1008 1005 1002 999 997 995 993 991 990 989 987 987 987 988 990 993 996 999 1002 1006 1011 1016 1022 1029 1036 1043 1049 1054 1058 1061 1063 1065 1066 1067 1070 1073 1077 -9999 -9999 -9999 -9999 -9999 -9999 -9999 -9999 -9999 -9999 -9999 -9999 -9999 -9999 -9999 -9999 -9999 -9999
957 957 956 955 954 954 954 955 956 958 960 962 965 968 971 976 980 986 991 997 1002 1006 1009 1010 1010 1009 1006 1003 1000 997 994 992 990 989 987 986 986 985 985 986 988 990 993 996 1000 1004 1008 1013 1018 1025 1031 1038 1044 1050 1055 1059 1061 1063 1064 1064 1065 1067 1070 -9999 -9999 -9999 -9999 -9999 -9999 -9999 -9999 -9999 -9999 -9999 -9999 -9999 -9999 -9999 -9999 -9999 -9999 -9999
957 956 955 954 953 953 953 954 956 958 961 964 967 970 974 977 981 986 990 995 998 1002 1004 1005 1004 1002 1000 996 993 990 987 985 984 983 983 983 982 983 983 985 987 990 993 997 1001 1005 1010 1015 1020 1026 1032 1039 1045 1050 1054 1058 1060 1061 1062 1062 1063 1065 1068 -9999 -9999 -9999 -9999 -9999 -9999 -9999 -9999 -9999 -9999 -9999 -9999 -9999 -9999 -9999 -9999 -9999 -9999 -9999
956 956 954 953 952 952 952 953 955 958 961 964 968 971 975 978 981 985 988 991 994 996 997 997 996 994 992 988 985 982 980 979 978 978 978 978 979 980 981 983 986 990 993 998 1002 1007 1011 1016 1022 1027 1033 1038 1044 1048 1052 1055 1057 1059 1059 1060 1061 1063 1066 -9999 -9999 -9999 -9999 -9999 -9999 -9999 -9999 -9999 -9999 -9999 -9999 -9999 -9999 -9999 -9999 -9999 -9999 -9999
955 955 953 952 951 950 950 952 954 957 960 964 968 971 975 977 980 982 984 986 987 988 989 989 988 986 983 980 977 975 973 972 972 972 973 974 975 977 979 982 985 989 993 998 1003 1008 1013 1017 1022 1027 1032 1037 1042 1046 1050 1052 1054 1056 1057 1058 1059 1061 -9999 -9999 -9999 -9999 -9999 -9999 -9999 -9999 -9999 -9999 -9999 -9999 -9999 -9999 -9999 -9999 -9999 -9999 -9999 -9999
954 953 951 950 949 948 948 950 952 955 959 962 966 970 972 975 976 977 978 979 980 980 980 979 978 976 974 971 969 968 966 966 967 967 969 970 972 974 977 980 984 988 993 998 1003 1008 1013 1018 1022 1027 1031 1036 1039 1043 1046 1049 1051 1053 1054 1056 1057 1060 -9999 -9999 -9999 -9999 -9999 -9999 -9999 -9999 -9999 -9999 -9999 -9999 -9999 -9999 -9999 -9999 -9999 -9999 -9999 -9999
951 950 949 947 946 945 945 947 949 952 956 959 963 966 968 970 971 971 971 971 971 971 971 970 969 967 965 963 962 961 961 961 962 963 965 966 969 971 975 978 983 987 992 998 1003 1008 1013 1018 1022 1026 1030 1033 1036 1040 1042 1045 1048 1050 1052 1054 1057 -9999 -9999 -9999 -9999 -9999 -9999 -9999 -9999 -9999 -9999 -9999 -9999 -9999 -9999 -9999 -9999 -9999 -9999 -9999 -9999 -9999
947 946 945 944 943 942 942 943 945 948 951 955 958 960 962 963 964 964 963 963 962 961 961 960 959 958 957 956 956 956 956 957 958 960 961 963 966 968 972 976 981 986 991 997 1002 1007 1012 1017 1021 1024 1027 1030 1033 1036 1039 1041 1044 1047 1050 1053 1057 -9999 -9999 -9999 -9999 -9999 -9999 -9999 -9999 -9999 -9999 -9999 -9999 -9999 -9999 -9999 -9999 -9999 -9999 -9999 -9999 -9999
943 942 941 940 939 938 938 939 941 943 946 949 952 954 955 956 955 955 954 953 952 951 951 950 949 949 949 949 950 951 952 954 955 956 958 960 963 966 969 974 979 984 989 995 1001 1006 1011 1015 1019 1022 1024 1027 1029 1032 1034 1038 1041 1045 1049 1053 -9999 -9999 -9999 -9999 -9999 -9999 -9999 -9999 -9999 -9999 -9999 -9999 -9999 -9999 -9999 -9999 -9999 -9999 -9999 -9999 -9999 -9999
938 938 937 936 935 934 934 934 936 938 940 943 945 946 947 947 947 946 945 944 943 942 941 941 941 941 942 943 945 947 949 950 952 953 955 957 960 963 967 971 976 982 987 993 999 1004 1009 1013 1016 1019 1021 1023 1025 1027 1030 1034 1038 1042 1047 -9999 -9999 -9999 -9999 -9999 -9999 -9999 -9999 -9999 -9999 -9999 -9999 -9999 -9999 -9999 -9999 -9999 -9999 -9999 -9999 -9999 -9999 -9999
933 933 932 931 931 930 930 930 931 933 934 936 938 939 940 939 939 938 937 936 934 933 933 933 934 935 936 938 941 943 945 947 949 951 952 954 957 960 964 969 974 979 985 991 997 1002 1007 1011 1013 1016 1017 1019 1020 1022 1025 1029 1034 1040 1046 -9999 -9999 -9999 -9999 -9999 -9999 -9999 -9999 -9999 -9999 -9999 -9999 -9999 -9999 -9999 -9999 -9999 -9999 -9999 -9999 -9999 -9999 -9999
929 928 928 927 927 926 926 926 927 928 930 931 932 933 933 933 932 931 930 929 928 928 927 928 929 930 932 935 937 940 942 944 946 948 949 951 954 957 961 966 971 976 982 988 994 999 1004 1007 1010 1012 1013 1014 1015 1018 1021 1025 1031 -9999 -9999 -9999 -9999 -9999 -9999 -9999 -9999 -9999 -9999 -9999 -9999 -9999 -9999 -9999 -9999 -9999 -9999 -9999 -9999 -9999 -9999 -9999 -9999 -9999
924 924 924 923 923 923 923 924 924 925 926 926 927 927 927 927 927 926 925 925 925 924 925 925 927 928 930 932 935 937 940 942 943 945 947 949 951 954 958 963 968 973 979 985 990 996 1000 1004 1006 1007 1008 1009 1010 1013 1016 1022 -9999 -9999 -9999 -9999 -9999 -9999 -9999 -9999 -9999 -9999 -9999 -9999 -9999 -9999 -9999 -9999 -9999 -9999 -9999 -9999 -9999 -9999 -9999 -9999 -9999 -9999
919 919 920 920 920 921 921 921 922 922 922 923 923 923 923 923 923 923 923 923 923 923 924 925 926 927 929 931 933 935 937 939 941 942 944 946 949 952 956 960 965 970 976 981 987 992 996 1000 1002 1003 1004 1005 1006 1008 1013 -9999 -9999 -9999 -9999 -9999 -9999 -9999 -9999 -9999 -9999 -9999 -9999 -9999 -9999 -9999 -9999 -9999 -9999 -9999 -9999 -9999 -9999 -9999 -9999 -9999 -9999 -9999
915 915 916 917 918 919 919 920 920 920 920 920 920 920 920 920 920 921 921 922 923 924 925 926 927 928 929 930 932 933 935 937 939 940 942 944 947 950 953 958 962 967 973 978 983 988 992 996 998 999 1000 1001 1002 1005 -9999 -9999 -9999 -9999 -9999 -9999 -9999 -9999 -9999 -9999 -9999 -9999 -9999 -9999 -9999 -9999 -9999 -9999 -9999 -9999 -9999 -9999 -9999 -9999 -9999 -9999 -9999 -9999
911 912 913 914 915 917 918 918 918 918 918 918 918 918 918 919 919 920 921 922 924 925 927 928 928 929 930 930 931 932 934 935 937 939 940 943 945 948 952 956 960 965 969 974 979 984 988 991 994 995 996 998 -9999 -9999 -9999 -9999 -9999 -9999 -9999 -9999 -9999 -9999 -9999 -9999 -9999 -9999 -9999 -9999 -9999 -9999 -9999 -9999 -9999 -9999 -9999 -9999 -9999 -9999 -9999 -9999 -9999 -9999
908 909 910 912 913 915 916 917 917 917 917 917 917 917 917 917 918 920 921 923 925 927 928 929 930 930 930 930 931 932 933 934 936 937 939 942 944 947 950 954 958 962 966 971 975 980 983 987 990 992 994 -9999 -9999 -9999 -9999 -9999 -9999 -9999 -9999 -9999 -9999 -9999 -9999 -9999 -9999 -9999 -9999 -9999 -9999 -9999 -9999 -9999 -9999 -9999 -9999 -9999 -9999 -9999 -9999 -9999 -9999 -9999
905 906 907 909 911 913 914 915 916 916 916 915 915 915 916 917 918 919 921 923 925 927 929 930 930 931 931 931 931 931 932 934 935 937 939 941 944 947 949 953 956 960 963 967 971 974 978 982 985 988 -9999 -9999 -9999 -9999 -9999 -9999 -9999 -9999 -9999 -9999 -9999 -9999 -9999 -9999 -9999 -9999 -9999 -9999 -9999 -9999 -9999 -9999 -9999 -9999 -9999 -9999 -9999 -9999 -9999 -9999 -9999 -9999
903 904 905 907 909 911 912 913 914 914 914 914 914 914 915 916 917 919 921 923 925 927 928 929 930 931 931 931 931 932 933 934 935 937 939 942 944 947 949 952 955 958 960 963 965 968 972 976 980 985 -9999 -9999 -9999 -9999 -9999 -9999 -9999 -9999 -9999 -9999 -9999 -9999 -9999 -9999 -9999 -9999 -9999 -9999 -9999 -9999 -9999 -9999 -9999 -9999 -9999 -9999 -9999 -9999 -9999 -9999 -9999 -9999
900 901 903 905 907 908 910 911 912 912 912 912 913 913 914 915 916 918 919 921 923 925 927 928 929 930 930 931 931 932 933 934 936 938 940 943 945 948 950 952 954 956 957 958 960 962 965 969 975 981 -9999 -9999 -9999 -9999 -9999 -9999 -9999 -9999 -9999 -9999 -9999 -9999 -9999 -9999 -9999 -9999 -9999 -9999 -9999 -9999 -9999 -9999 -9999 -9999 -9999 -9999 -9999 -9999 -9999 -9999 -9999 -9999
898 899 901 902 904 906 907 908 909 910 910 911 911 912 913 914 915 916 918 920 922 923 925 926 927 928 929 931 932 933 934 935 937 939 941 944 946 949 951 952 953 954 954 954 955 956 958 963 -9999 -9999 -9999 -9999 -9999 -9999 -9999 -9999 -9999 -9999 -9999 -9999 -9999 -9999 -9999 -9999 -9999 -9999 -9999 -9999 -9999 -9999 -9999 -9999 -9999 -9999 -9999 -9999 -9999 -9999 -9999 -9999 -9999 -9999
