raw_predictors/buf_land_ENVS/X5m_mean_00s_bio1.asc
NCOLS 685 
NROWS 631 
XLLCORNER -91.732961667 
YLLCORNER -37.473667521 
CELLSIZE 0.08331 
NODATA_value -9999 
[rows 195 to 233 of 631, columns 88 to 175 of 685]
-9999 -9999 -9999 -9999 -9999 -9999 -9999 -9999 -9999 -9999 -9999 -9999 -9999 -9999 -9999 -9999 -9999 -9999 -9999 -9999 -9999 -9999 -9999 -9999 -9999 -9999 -9999 -9999 -9999 -9999 -9999 -9999 -9999 -9999 -9999 -9999 -9999 -9999 -9999 -9999 -9999 242 247 254 262 271 280 288 294 297 297 294 289 283 277 271 266 262 260 260 259 259 257 252 245 236 225 211 194 176 158 142 130 123 122 126 134 143 153 163 175 186 197 208 219 229 238 245
-9999 -9999 -9999 -9999 -9999 -9999 -9999 -9999 -9999 -9999 -9999 -9999 -9999 -9999 -9999 -9999 -9999 -9999 -9999 -9999 -9999 -9999 -9999 -9999 -9999 -9999 -9999 -9999 -9999 -9999 -9999 -9999 -9999 -9999 -9999 -9999 -9999 -9999 -9999 -9999 -9999 -9999 246 253 261 271 280 288 294 297 297 294 289 283 277 272 267 263 261 261 261 260 258 254 247 238 226 212 195 177 158 142 130 123 122 126 134 143 153 164 175 187 198 209 220 230 239 246
-9999 -9999 -9999 -9999 -9999 -9999 -9999 -9999 -9999 -9999 -9999 -9999 -9999 -9999 -9999 -9999 -9999 -9999 -9999 -9999 -9999 -9999 -9999 -9999 -9999 -9999 -9999 -9999 -9999 -9999 -9999 -9999 -9999 -9999 -9999 -9999 -9999 -9999 -9999 -9999 -9999 -9999 246 253 261 270 279 287 293 297 297 294 289 283 278 272 268 264 263 262 262 262 260 256 249 240 228 214 197 178 160 143 131 124 123 127 135 144 153 164 175 187 199 210 221 231 240 247
-9999 -9999 -9999 -9999 -9999 -9999 -9999 -9999 -9999 -9999 -9999 -9999 -9999 -9999 -9999 -9999 -9999 -9999 -9999 -9999 -9999 -9999 -9999 -9999 -9999 -9999 -9999 -9999 -9999 -9999 -9999 -9999 -9999 -9999 -9999 -9999 -9999 -9999 -9999 -9999 -9999 -9999 245 252 260 269 278 287 293 296 297 294 289 284 279 273 269 266 264 264 264 264 262 258 251 242 230 216 198 180 161 144 132 125 123 127 135 144 154 164 176 187 199 210 221 231 240 248
-9999 -9999 -9999 -9999 -9999 -9999 -9999 -9999 -9999 -9999 -9999 -9999 -9999 -9999 -9999 -9999 -9999 -9999 -9999 -9999 -9999 -9999 -9999 -9999 -9999 -9999 -9999 -9999 -9999 -9999 -9999 -9999 -9999 -9999 -9999 -9999 -9999 -9999 -9999 -9999 -9999 -9999 244 251 260 269 278 286 293 296 297 294 290 285 280 275 271 268 266 266 266 265 264 260 253 244 232 217 200 181 162 146 133 126 124 128 136 145 154 165 176 188 199 211 222 232 241 249
-9999 -9999 -9999 -9999 -9999 -9999 -9999 -9999 -9999 -9999 -9999 -9999 -9999 -9999 -9999 -9999 -9999 -9999 -9999 -9999 -9999 -9999 -9999 -9999 -9999 -9999 -9999 -9999 -9999 -9999 -9999 -9999 -9999 -9999 -9999 -9999 -9999 -9999 -9999 -9999 -9999 239 244 251 259 268 278 286 292 296 297 295 291 286 281 277 273 270 268 268 268 267 265 261 254 245 233 219 201 182 163 147 134 127 125 129 137 145 155 166 177 189 200 212 222 233 242 249
-9999 -9999 -9999 -9999 -9999 -9999 -9999 -9999 -9999 -9999 -9999 -9999 -9999 -9999 -9999 -9999 -9999 -9999 -9999 -9999 -9999 -9999 -9999 -9999 -9999 -9999 -9999 -9999 -9999 -9999 -9999 -9999 -9999 -9999 -9999 -9999 -9999 -9999 -9999 -9999 -9999 -9999 243 250 259 268 278 286 292 296 297 295 292 287 283 279 275 272 270 270 270 269 267 262 256 246 235 220 202 183 165 148 135 128 127 130 138 146 156 167 178 190 201 212 223 233 242 250
-9999 -9999 -9999 -9999 -9999 -9999 -9999 -9999 -9999 -9999 -9999 -9999 -9999 -9999 -9999 -9999 -9999 -9999 -9999 -9999 -9999 -9999 -9999 -9999 -9999 -9999 -9999 -9999 -9999 -9999 -9999 -9999 -9999 -9999 -9999 -9999 -9999 -9999 -9999 -9999 -9999 -9999 243 250 259 268 277 286 293 297 298 296 293 289 285 281 277 274 273 272 272 271 268 264 257 247 236 221 204 185 166 150 137 130 128 132 139 148 157 168 179 191 202 213 224 234 243 251
-9999 -9999 -9999 -9999 -9999 -9999 -9999 -9999 -9999 -9999 -9999 -9999 -9999 -9999 -9999 -9999 -9999 -9999 -9999 -9999 -9999 -9999 -9999 -9999 -9999 -9999 -9999 -9999 -9999 -9999 -9999 -9999 -9999 -9999 -9999 -9999 -9999 -9999 -9999 -9999 -9999 -9999 -9999 250 258 268 277 286 293 297 298 297 294 290 287 283 279 277 275 274 273 272 270 265 258 249 237 222 205 186 168 151 139 131 130 134 141 149 159 169 180 192 203 214 225 235 244 251
-9999 -9999 -9999 -9999 -9999 -9999 -9999 -9999 -9999 -9999 -9999 -9999 -9999 -9999 -9999 -9999 -9999 -9999 -9999 -9999 -9999 -9999 -9999 -9999 -9999 -9999 -9999 -9999 -9999 -9999 -9999 -9999 -9999 -9999 -9999 -9999 -9999 -9999 -9999 -9999 -9999 -9999 -9999 249 258 268 277 286 293 297 299 298 295 292 288 285 281 279 277 276 275 274 271 266 259 250 238 223 206 187 169 153 141 133 132 136 143 151 161 171 182 194 205 216 226 236 244 252
-9999 -9999 -9999 -9999 -9999 -9999 -9999 -9999 -9999 -9999 -9999 -9999 -9999 -9999 -9999 -9999 -9999 -9999 -9999 -9999 -9999 -9999 -9999 -9999 -9999 -9999 -9999 -9999 -9999 -9999 -9999 -9999 -9999 -9999 -9999 -9999 -9999 -9999 -9999 -9999 -9999 -9999 -9999 249 258 267 277 286 293 297 299 298 296 293 290 286 283 281 279 278 277 275 272 267 260 251 239 224 207 189 170 154 142 135 134 138 145 154 163 174 185 196 207 218 228 237 245 252
-9999 -9999 -9999 -9999 -9999 -9999 -9999 -9999 -9999 -9999 -9999 -9999 -9999 -9999 -9999 -9999 -9999 -9999 -9999 -9999 -9999 -9999 -9999 -9999 -9999 -9999 -9999 -9999 -9999 -9999 -9999 -9999 -9999 -9999 -9999 -9999 -9999 -9999 -9999 -9999 230 235 241 248 257 267 276 285 292 297 299 299 297 294 291 288 285 282 281 279 278 276 272 267 260 251 239 225 208 189 172 156 144 138 137 141 148 157 167 177 189 199 210 220 230 238 246 253
-9999 -9999 -9999 -9999 -9999 -9999 -9999 -9999 -9999 -9999 -9999 -9999 -9999 -9999 -9999 -9999 -9999 -9999 -9999 -9999 -9999 -9999 -9999 -9999 -9999 -9999 -9999 -9999 -9999 -9999 -9999 -9999 -9999 -9999 -9999 -9999 -9999 -9999 -9999 -9999 229 234 240 248 256 266 276 284 292 297 299 299 297 295 292 289 286 284 282 280 278 276 272 267 260 250 239 224 208 190 173 158 146 140 139 144 152 161 171 182 193 203 214 223 232 240 248 254
-9999 -9999 -9999 -9999 -9999 -9999 -9999 -9999 -9999 -9999 -9999 -9999 -9999 -9999 -9999 -9999 -9999 -9999 -9999 -9999 -9999 -9999 -9999 -9999 -9999 -9999 -9999 -9999 -9999 -9999 -9999 -9999 -9999 -9999 -9999 -9999 -9999 -9999 -9999 -9999 229 233 239 247 256 265 274 283 290 295 298 299 297 295 293 291 288 285 283 281 278 275 271 265 258 249 237 223 207 190 173 159 148 143 143 147 156 165 175 186 197 208 217 226 235 242 249 255
-9999 -9999 -9999 -9999 -9999 -9999 -9999 -9999 -9999 -9999 -9999 -9999 -9999 -9999 -9999 -9999 -9999 -9999 -9999 -9999 -9999 -9999 -9999 -9999 -9999 -9999 -9999 -9999 -9999 -9999 -9999 -9999 -9999 -9999 -9999 -9999 -9999 -9999 -9999 -9999 -9999 233 239 246 254 263 272 281 288 293 296 297 297 296 294 292 290 287 284 281 277 273 268 262 255 245 234 221 205 189 173 160 150 145 146 151 160 170 180 191 202 212 221 230 237 244 250 256
-9999 -9999 -9999 -9999 -9999 -9999 -9999 -9999 -9999 -9999 -9999 -9999 -9999 -9999 -9999 -9999 -9999 -9999 -9999 -9999 -9999 -9999 -9999 -9999 -9999 -9999 -9999 -9999 -9999 -9999 -9999 -9999 -9999 -9999 -9999 -9999 -9999 -9999 -9999 -9999 -9999 -9999 238 244 252 260 269 277 284 290 293 295 296 295 295 293 291 288 284 280 275 269 263 257 249 240 229 216 202 187 172 160 152 148 149 155 164 174 185 196 207 216 225 233 240 246 252 256
-9999 -9999 -9999 -9999 -9999 -9999 -9999 -9999 -9999 -9999 -9999 -9999 -9999 -9999 -9999 -9999 -9999 -9999 -9999 -9999 -9999 -9999 -9999 -9999 -9999 -9999 -9999 -9999 -9999 -9999 -9999 -9999 -9999 -9999 -9999 -9999 -9999 -9999 -9999 -9999 -9999 -9999 -9999 -9999 -9999 256 264 271 278 284 288 291 293 294 295 294 292 289 284 278 271 264 257 249 241 232 221 209 197 183 171 160 153 151 153 159 169 179 190 201 211 221 229 236 243 248 253 257
-9999 -9999 -9999 -9999 -9999 -9999 -9999 -9999 -9999 -9999 -9999 -9999 -9999 -9999 -9999 -9999 -9999 -9999 -9999 -9999 -9999 -9999 -9999 -9999 -9999 -9999 -9999 -9999 -9999 -9999 -9999 -9999 -9999 -9999 -9999 -9999 -9999 -9999 -9999 -9999 -9999 -9999 -9999 -9999 -9999 251 257 264 270 276 281 285 289 292 294 295 293 290 283 276 267 257 248 239 230 221 212 201 190 179 168 160 154 153 156 163 173 183 194 205 215 224 232 239 245 250 255 259
-9999 -9999 -9999 -9999 -9999 -9999 -9999 -9999 -9999 -9999 -9999 -9999 -9999 -9999 -9999 -9999 -9999 -9999 -9999 -9999 -9999 -9999 -9999 -9999 -9999 -9999 -9999 -9999 -9999 -9999 -9999 -9999 -9999 -9999 -9999 -9999 -9999 -9999 -9999 -9999 -9999 -9999 -9999 -9999 -9999 -9999 250 255 260 266 273 279 284 289 293 295 294 290 282 273 261 250 238 228 218 209 201 192 183 174 165 159 155 155 159 167 177 187 198 209 219 227 235 242 247 252 256 260
-9999 -9999 -9999 -9999 -9999 -9999 -9999 -9999 -9999 -9999 -9999 -9999 -9999 -9999 -9999 -9999 -9999 -9999 -9999 -9999 -9999 -9999 -9999 -9999 -9999 -9999 -9999 -9999 -9999 -9999 -9999 -9999 -9999 -9999 -9999 -9999 -9999 -9999 -9999 -9999 -9999 -9999 -9999 -9999 -9999 -9999 -9999 -9999 251 257 265 272 280 286 292 295 295 290 281 269 256 242 229 217 206 198 190 182 175 168 162 158 156 157 162 170 180 191 201 212 222 230 238 244 249 254 258 261
-9999 -9999 -9999 -9999 -9999 -9999 -9999 -9999 -9999 -9999 -9999 -9999 -9999 -9999 -9999 -9999 -9999 -9999 -9999 -9999 -9999 -9999 -9999 -9999 -9999 -9999 -9999 -9999 -9999 -9999 -9999 -9999 -9999 -9999 -9999 -9999 -9999 -9999 -9999 -9999 -9999 -9999 -9999 -9999 -9999 -9999 -9999 -9999 243 249 258 267 276 285 291 296 295 290 280 266 251 234 219 206 195 187 179 173 168 163 160 157 157 160 165 174 184 194 205 215 225 233 240 246 251 256 260 263
-9999 -9999 -9999 -9999 -9999 -9999 -9999 -9999 -9999 -9999 -9999 -9999 -9999 -9999 -9999 -9999 -9999 -9999 -9999 -9999 -9999 -9999 -9999 -9999 -9999 -9999 -9999 -9999 -9999 -9999 -9999 -9999 -9999 -9999 -9999 -9999 -9999 -9999 -9999 -9999 -9999 -9999 -9999 -9999 -9999 -9999 -9999 -9999 238 245 254 264 275 284 292 297 297 291 279 264 246 229 212 197 186 177 171 166 163 160 158 158 159 162 169 177 188 198 208 218 228 236 243 248 253 257 261 264
-9999 -9999 -9999 -9999 -9999 -9999 -9999 -9999 -9999 -9999 -9999 -9999 -9999 -9999 -9999 -9999 -9999 -9999 -9999 -9999 -9999 -9999 -9999 -9999 -9999 -9999 -9999 -9999 -9999 -9999 -9999 -9999 -9999 -9999 -9999 -9999 -9999 -9999 -9999 -9999 -9999 -9999 -9999 -9999 -9999 -9999 -9999 -9999 236 244 253 264 276 285 294 299 298 292 279 262 244 224 206 191 179 171 165 161 159 158 158 159 161 166 172 181 191 201 211 221 230 238 245 250 255 259 263 266
-9999 -9999 -9999 -9999 -9999 -9999 -9999 -9999 -9999 -9999 -9999 -9999 -9999 -9999 -9999 -9999 -9999 -9999 -9999 -9999 -9999 -9999 -9999 -9999 -9999 -9999 -9999 -9999 -9999 -9999 -9999 -9999 -9999 -9999 -9999 -9999 -9999 -9999 -9999 -9999 -9999 -9999 -9999 -9999 -9999 -9999 -9999 -9999 -9999 246 256 267 278 288 296 301 300 293 279 262 242 222 203 188 176 167 162 159 158 158 159 161 165 170 176 185 195 205 215 224 233 240 247 252 257 261 264 267
-9999 -9999 -9999 -9999 -9999 -9999 -9999 -9999 -9999 -9999 -9999 -9999 -9999 -9999 -9999 -9999 -9999 -9999 -9999 -9999 -9999 -9999 -9999 -9999 -9999 -9999 -9999 -9999 -9999 -9999 -9999 -9999 -9999 -9999 -9999 -9999 -9999 -9999 -9999 -9999 -9999 -9999 -9999 -9999 -9999 -9999 -9999 -9999 -9999 -9999 -9999 -9999 283 292 299 303 302 294 280 262 242 221 202 186 175 166 161 159 158 159 161 164 168 174 181 189 199 208 218 227 235 242 248 254 258 262 266 269
-9999 -9999 -9999 -9999 -9999 -9999 -9999 -9999 -9999 -9999 -9999 -9999 -9999 -9999 -9999 -9999 -9999 -9999 -9999 -9999 -9999 -9999 -9999 -9999 -9999 -9999 -9999 -9999 -9999 -9999 -9999 -9999 -9999 -9999 -9999 -9999 -9999 -9999 -9999 -9999 -9999 -9999 -9999 -9999 -9999 -9999 -9999 -9999 253 260 269 279 288 296 302 305 303 295 281 262 242 221 202 187 175 167 162 160 160 162 165 168 173 178 185 193 202 211 220 229 237 244 250 255 260 264 267 270
-9999 -9999 -9999 -9999 -9999 -9999 -9999 -9999 -9999 -9999 -9999 -9999 -9999 -9999 -9999 -9999 -9999 -9999 -9999 -9999 -9999 -9999 -9999 -9999 -9999 -9999 -9999 -9999 -9999 -9999 -9999 -9999 -9999 -9999 -9999 -9999 -9999 -9999 -9999 -9999 -9999 -9999 -9999 -9999 -9999 -9999 -9999 -9999 261 269 277 286 294 300 305 307 303 295 280 262 242 222 203 188 177 169 164 163 163 165 168 172 177 183 189 197 206 214 223 231 239 246 252 257 261 265 268 271
-9999 -9999 -9999 -9999 -9999 -9999 -9999 -9999 -9999 -9999 -9999 -9999 -9999 -9999 -9999 -9999 -9999 -9999 -9999 -9999 -9999 -9999 -9999 -9999 -9999 -9999 -9999 -9999 -9999 -9999 -9999 -9999 -9999 -9999 -9999 -9999 -9999 -9999 -9999 -9999 -9999 -9999 -9999 -9999 -9999 -9999 256 263 270 277 284 292 298 303 306 307 303 293 279 261 241 222 204 189 178 171 167 165 166 168 172 176 181 187 193 201 209 217 226 233 241 247 253 258 262 265 269 271
-9999 -9999 -9999 -9999 -9999 -9999 -9999 -9999 -9999 -9999 -9999 -9999 -9999 -9999 -9999 -9999 -9999 -9999 -9999 -9999 -9999 -9999 -9999 -9999 -9999 -9999 -9999 -9999 -9999 -9999 -9999 -9999 -9999 -9999 -9999 -9999 -9999 -9999 -9999 -9999 -9999 -9999 -9999 -9999 -9999 257 264 270 277 284 290 296 301 304 306 305 300 290 276 259 240 221 204 190 179 172 169 168 169 171 175 180 185 191 197 204 212 220 228 235 242 249 254 259 263 266 269 272
-9999 -9999 -9999 -9999 -9999 -9999 -9999 -9999 -9999 -9999 -9999 -9999 -9999 -9999 -9999 -9999 -9999 -9999 -9999 -9999 -9999 -9999 -9999 -9999 -9999 -9999 -9999 -9999 -9999 -9999 -9999 -9999 -9999 -9999 -9999 -9999 -9999 -9999 -9999 -9999 -9999 -9999 -9999 249 256 263 270 277 284 290 295 299 302 303 303 301 296 286 272 255 237 219 203 190 180 174 171 170 171 174 178 183 188 194 200 207 215 222 230 237 244 250 255 259 263 267 270 272
-9999 -9999 -9999 -9999 -9999 -9999 -9999 -9999 -9999 -9999 -9999 -9999 -9999 -9999 -9999 -9999 -9999 -9999 -9999 -9999 -9999 -9999 -9999 -9999 -9999 -9999 -9999 -9999 -9999 -9999 -9999 -9999 -9999 -9999 -9999 -9999 -9999 -9999 -9999 -9999 -9999 -9999 250 256 263 270 277 283 289 294 298 301 302 301 300 296 290 280 267 251 234 217 202 190 181 175 172 172 173 177 181 186 191 197 203 210 217 224 231 238 245 251 256 260 264 267 270 272
-9999 -9999 -9999 -9999 -9999 -9999 -9999 -9999 -9999 -9999 -9999 -9999 -9999 -9999 -9999 -9999 -9999 -9999 -9999 -9999 -9999 -9999 -9999 -9999 -9999 -9999 -9999 -9999 -9999 -9999 -9999 -9999 -9999 -9999 -9999 -9999 -9999 -9999 -9999 -9999 -9999 251 257 263 270 276 283 289 294 298 300 301 300 298 295 290 283 273 261 246 230 215 201 190 182 177 174 174 176 179 183 188 193 199 205 212 219 226 233 240 246 252 256 261 264 267 270 272
-9999 -9999 -9999 -9999 -9999 -9999 -9999 -9999 -9999 -9999 -9999 -9999 -9999 -9999 -9999 -9999 -9999 -9999 -9999 -9999 -9999 -9999 -9999 -9999 -9999 -9999 -9999 -9999 -9999 -9999 -9999 -9999 -9999 -9999 -9999 -9999 -9999 -9999 -9999 -9999 -9999 259 264 270 276 282 288 293 297 300 302 301 298 295 290 285 277 267 255 241 226 212 200 189 182 178 176 176 177 180 185 189 195 201 207 213 220 227 234 241 247 253 257 261 265 268 270 273
-9999 -9999 -9999 -9999 -9999 -9999 -9999 -9999 -9999 -9999 -9999 -9999 -9999 -9999 -9999 -9999 -9999 -9999 -9999 -9999 -9999 -9999 -9999 -9999 -9999 -9999 -9999 -9999 -9999 -9999 -9999 -9999 -9999 -9999 -9999 -9999 -9999 -9999 -9999 -9999 260 265 271 276 282 287 292 297 300 302 302 300 296 291 286 280 271 262 250 237 223 210 199 189 183 179 177 177 179 182 186 190 196 202 208 214 221 228 236 242 248 254 259 262 266 269 271 273
-9999 -9999 -9999 -9999 -9999 -9999 -9999 -9999 -9999 -9999 -9999 -9999 -9999 -9999 -9999 -9999 -9999 -9999 -9999 -9999 -9999 -9999 -9999 -9999 -9999 -9999 -9999 -9999 -9999 -9999 -9999 -9999 -9999 -9999 -9999 -9999 -9999 -9999 -9999 260 266 271 277 282 286 291 295 299 302 303 302 299 294 288 282 275 267 257 246 234 221 208 198 189 183 180 178 178 179 182 186 191 196 202 209 215 223 230 237 244 250 256 260 264 267 270 272 274
-9999 -9999 -9999 -9999 -9999 -9999 -9999 -9999 -9999 -9999 -9999 -9999 -9999 -9999 -9999 -9999 -9999 -9999 -9999 -9999 -9999 -9999 -9999 -9999 -9999 -9999 -9999 -9999 -9999 -9999 -9999 -9999 -9999 -9999 -9999 -9999 -9999 -9999 257 264 271 276 281 286 290 294 297 300 302 303 301 297 292 286 279 272 264 254 243 231 219 207 197 189 183 180 178 178 180 182 186 191 196 202 209 216 224 231 239 246 252 258 262 266 268 271 273 275
-9999 -9999 -9999 -9999 -9999 -9999 -9999 -9999 -9999 -9999 -9999 -9999 -9999 -9999 -9999 -9999 -9999 -9999 -9999 -9999 -9999 -9999 -9999 -9999 -9999 -9999 -9999 -9999 -9999 -9999 -9999 -9999 -9999 -9999 -9999 -9999 -9999 252 260 267 274 279 284 288 292 295 298 301 302 302 300 296 290 284 278 271 262 253 242 230 218 206 196 188 183 179 178 178 179 182 186 191 196 202 209 217 224 233 241 248 255 260 264 267 270 272 274 275
-9999 -9999 -9999 -9999 -9999 -9999 -9999 -9999 -9999 -9999 -9999 -9999 -9999 -9999 -9999 -9999 -9999 -9999 -9999 -9999 -9999 -9999 -9999 -9999 -9999 -9999 -9999 -9999 -9999 -9999 -9999 -9999 -9999 -9999 -9999 -9999 244 253 262 269 276 281 286 289 293 296 298 300 301 301 299 295 289 283 277 270 262 252 241 229 217 205 195 187 182 178 177 177 179 182 185 190 196 202 209 217 225 234 242 250 257 262 266 269 271 273 275 276
-9999 -9999 -9999 -9999 -9999 -9999 -9999 -9999 -9999 -9999 -9999 -9999 -9999 -9999 -9999 -9999 -9999 -9999 -9999 -9999 -9999 -9999 -9999 -9999 -9999 -9999 -9999 -9999 -9999 -9999 -9999 -9999 -9999 -9999 -9999 -9999 244 254 263 270 277 282 287 290 293 296 298 300 300 300 298 294 289 282 276 270 261 252 240 228 216 204 194 186 181 177 176 176 178 181 185 190 195 202 209 217 226 235 244 252 258 264 268 271 273 274 276 277
