raw_predictors/buf_land_ENVS/X5m_mean_00s_bio12.asc
NCOLS 685 
NROWS 631 
XLLCORNER -91.732961667 
YLLCORNER -37.473667521 
CELLSIZE 0.08331 
NODATA_value -9999 
[rows 111 to 147 of 631, columns 328 to 409 of 685]
1628 1655 1677 1695 1708 1718 1725 1729 1732 1733 1733 1731 1727 1721 1712 1702 1691 1679 1668 1658 1649 1640 1630 1618 1605 1589 1572 1555 1539 1523 1510 1499 1490 1484 1481 1480 1483 1487 1494 1503 1514 1528 1542 1558 1574 1590 1606 1620 1634 1646 1656 1665 1672 1680 1687 1695 1704 1714 1724 1735 1746 1758 1770 1781 1793 1805 1820 1835 1851 1865 1876 1884 1886 1884 1878 1869 1858 1845 1832 1821 1812 1806
1625 1651 1673 1691 1705 1715 1722 1727 1731 1733 1733 1732 1729 1723 1715 1705 1693 1680 1668 1656 1645 1634 1622 1608 1593 1575 1556 1537 1518 1501 1486 1474 1464 1458 1455 1456 1460 1466 1475 1486 1498 1511 1526 1540 1555 1571 1585 1599 1612 1622 1632 1640 1646 1653 1659 1666 1675 1684 1695 1707 1719 1731 1743 1756 1769 1783 1799 1816 1833 1849 1863 1872 1877 1876 1873 1866 1857 1846 1835 1825 1818 1814
1622 1649 1670 1688 1702 1712 1719 1724 1728 1730 1732 1731 1728 1723 1716 1706 1694 1681 1667 1654 1641 1628 1615 1600 1582 1563 1542 1522 1502 1483 1467 1453 1443 1437 1436 1438 1443 1451 1461 1473 1486 1499 1512 1526 1539 1553 1567 1579 1590 1600 1608 1614 1620 1624 1630 1636 1644 1653 1664 1676 1689 1702 1715 1728 1743 1759 1776 1795 1814 1833 1848 1860 1867 1869 1867 1863 1855 1847 1837 1830 1824 1821
1620 1646 1667 1684 1697 1708 1715 1720 1724 1727 1728 1728 1726 1722 1715 1705 1693 1680 1666 1651 1637 1623 1609 1593 1575 1554 1533 1511 1491 1472 1454 1440 1430 1424 1423 1426 1432 1441 1452 1464 1477 1489 1501 1514 1526 1538 1550 1561 1570 1578 1584 1589 1593 1597 1601 1606 1613 1622 1633 1645 1659 1672 1687 1701 1717 1734 1754 1775 1796 1815 1833 1847 1856 1861 1861 1859 1854 1847 1840 1834 1830 1828
1618 1642 1662 1679 1692 1702 1709 1715 1719 1722 1724 1724 1722 1718 1712 1702 1691 1677 1663 1648 1634 1620 1605 1588 1570 1550 1528 1507 1486 1467 1449 1435 1425 1419 1418 1421 1428 1437 1447 1459 1471 1482 1493 1504 1515 1526 1536 1545 1553 1559 1563 1566 1568 1570 1573 1577 1584 1592 1603 1616 1630 1644 1660 1676 1693 1712 1733 1755 1777 1798 1818 1833 1844 1851 1854 1854 1851 1846 1841 1837 1834 1834
1615 1638 1657 1672 1685 1695 1703 1708 1713 1716 1717 1718 1716 1712 1706 1697 1686 1673 1659 1645 1631 1617 1602 1586 1569 1549 1528 1508 1488 1469 1452 1439 1428 1423 1421 1424 1430 1438 1447 1458 1468 1478 1487 1496 1506 1515 1524 1532 1538 1542 1544 1545 1546 1546 1547 1550 1556 1564 1575 1588 1603 1618 1635 1652 1671 1691 1713 1736 1759 1782 1802 1819 1832 1841 1846 1848 1847 1844 1841 1838 1837 1837
1612 1633 1651 1665 1678 1687 1695 1700 1705 1708 1709 1710 1708 1704 1699 1690 1680 1668 1655 1642 1629 1616 1602 1587 1571 1552 1533 1514 1495 1478 1463 1450 1440 1434 1432 1433 1438 1444 1451 1459 1467 1475 1483 1491 1499 1508 1515 1521 1525 1527 1527 1527 1525 1524 1524 1526 1531 1539 1549 1563 1578 1595 1613 1632 1652 1673 1696 1719 1742 1765 1786 1804 1818 1829 1836 1840 1841 1840 1839 1838 1838 1839
1608 1628 1643 1657 1669 1678 1685 1691 1695 1698 1700 1700 1698 1694 1689 1681 1671 1660 1649 1637 1626 1614 1602 1589 1574 1558 1541 1524 1507 1492 1478 1467 1458 1452 1448 1448 1450 1454 1459 1464 1470 1475 1481 1488 1495 1502 1508 1512 1515 1515 1513 1510 1507 1504 1503 1504 1508 1515 1526 1540 1556 1574 1593 1613 1634 1656 1679 1703 1727 1750 1771 1790 1805 1817 1826 1832 1835 1836 1836 1837 1838 1840
1603 1620 1635 1647 1658 1667 1674 1680 1684 1687 1688 1688 1686 1682 1677 1670 1661 1651 1641 1631 1622 1612 1602 1591 1579 1565 1550 1536 1522 1509 1497 1487 1479 1472 1468 1465 1465 1466 1468 1471 1474 1477 1481 1486 1492 1497 1502 1505 1506 1504 1500 1496 1491 1486 1484 1484 1487 1494 1505 1519 1536 1555 1575 1597 1619 1642 1665 1689 1713 1736 1757 1776 1793 1806 1816 1824 1828 1831 1833 1835 1838 1841
1595 1611 1624 1635 1646 1655 1662 1668 1672 1674 1675 1674 1672 1668 1663 1656 1649 1640 1632 1623 1616 1608 1600 1592 1582 1572 1560 1548 1537 1527 1517 1508 1501 1494 1488 1484 1481 1479 1479 1478 1478 1479 1482 1485 1489 1494 1497 1499 1498 1495 1489 1483 1477 1471 1467 1466 1469 1476 1487 1502 1519 1539 1560 1583 1606 1630 1654 1678 1702 1725 1746 1766 1783 1797 1808 1816 1822 1826 1829 1833 1837 1842
1584 1598 1610 1621 1631 1640 1648 1654 1658 1660 1661 1659 1657 1652 1647 1641 1634 1627 1620 1613 1607 1602 1597 1591 1584 1576 1568 1559 1551 1543 1536 1529 1522 1515 1508 1502 1497 1493 1489 1486 1483 1482 1482 1484 1487 1491 1494 1494 1492 1487 1480 1473 1465 1458 1453 1452 1454 1461 1472 1487 1506 1526 1548 1572 1596 1620 1645 1669 1694 1717 1739 1759 1776 1790 1802 1811 1817 1821 1825 1830 1836 1843
1570 1583 1595 1605 1616 1625 1633 1639 1643 1646 1646 1644 1640 1636 1630 1624 1618 1611 1606 1601 1597 1594 1591 1588 1584 1579 1574 1569 1563 1558 1552 1547 1540 1534 1526 1519 1512 1505 1499 1493 1488 1484 1483 1484 1486 1489 1491 1491 1487 1481 1473 1464 1456 1448 1443 1440 1443 1450 1461 1477 1496 1517 1540 1564 1589 1614 1639 1664 1689 1713 1735 1755 1772 1786 1798 1807 1813 1817 1821 1827 1834 1844
1553 1566 1578 1589 1600 1609 1618 1625 1629 1631 1631 1629 1625 1619 1613 1607 1601 1596 1592 1589 1587 1585 1584 1583 1582 1580 1578 1576 1573 1570 1566 1562 1556 1550 1542 1534 1525 1516 1508 1500 1492 1487 1484 1484 1486 1488 1489 1488 1484 1477 1468 1459 1449 1441 1435 1433 1435 1442 1454 1470 1490 1512 1536 1560 1586 1612 1637 1662 1687 1712 1734 1754 1772 1786 1797 1805 1810 1814 1818 1824 1833 1845
1536 1549 1560 1572 1584 1595 1604 1611 1616 1618 1617 1615 1610 1604 1598 1591 1586 1581 1578 1576 1576 1576 1577 1578 1579 1580 1581 1581 1581 1580 1578 1575 1570 1563 1556 1547 1537 1526 1516 1506 1497 1490 1487 1486 1487 1489 1490 1488 1484 1476 1466 1457 1447 1438 1432 1430 1432 1440 1452 1468 1488 1511 1535 1561 1587 1613 1638 1664 1689 1714 1737 1757 1774 1788 1798 1805 1809 1812 1816 1822 1833 1847
1520 1533 1545 1558 1570 1582 1592 1599 1605 1607 1606 1603 1598 1591 1584 1578 1572 1568 1566 1565 1566 1568 1571 1573 1576 1580 1583 1585 1587 1588 1588 1586 1582 1576 1568 1558 1548 1536 1525 1513 1503 1495 1491 1490 1490 1492 1492 1490 1485 1477 1468 1458 1448 1439 1433 1431 1434 1441 1454 1471 1491 1514 1539 1565 1591 1617 1643 1669 1694 1719 1741 1762 1778 1791 1800 1806 1809 1812 1815 1822 1834 1851
1507 1520 1533 1547 1560 1572 1583 1591 1597 1599 1598 1594 1589 1582 1574 1567 1562 1558 1556 1557 1559 1562 1566 1570 1575 1580 1585 1590 1593 1596 1597 1596 1593 1587 1580 1570 1558 1546 1533 1521 1510 1501 1497 1495 1495 1497 1497 1495 1490 1482 1472 1463 1453 1445 1439 1437 1439 1447 1460 1478 1499 1522 1547 1572 1599 1625 1651 1676 1701 1725 1748 1768 1784 1796 1804 1809 1811 1813 1816 1823 1835 1855
1500 1513 1527 1541 1555 1567 1578 1587 1593 1595 1594 1590 1584 1576 1569 1561 1556 1552 1551 1552 1555 1559 1564 1570 1576 1582 1589 1595 1600 1604 1606 1606 1604 1599 1591 1581 1569 1556 1542 1529 1518 1509 1504 1502 1503 1504 1505 1503 1498 1490 1481 1471 1462 1454 1448 1446 1449 1458 1471 1489 1510 1533 1558 1584 1610 1636 1661 1686 1711 1734 1756 1775 1790 1801 1809 1813 1815 1816 1819 1826 1839 1860
1499 1512 1526 1541 1555 1568 1579 1588 1593 1595 1594 1590 1583 1575 1567 1560 1554 1550 1550 1551 1555 1560 1566 1572 1579 1587 1594 1601 1608 1613 1616 1617 1615 1610 1602 1591 1579 1566 1552 1539 1527 1518 1513 1512 1513 1514 1515 1514 1510 1502 1493 1484 1475 1467 1462 1460 1464 1472 1486 1504 1525 1549 1573 1599 1624 1650 1674 1698 1722 1744 1765 1782 1797 1807 1814 1818 1819 1820 1823 1831 1845 1866
1504 1517 1531 1545 1560 1573 1584 1593 1598 1600 1599 1594 1587 1579 1570 1563 1557 1553 1553 1554 1558 1564 1570 1577 1585 1593 1601 1609 1616 1622 1625 1627 1625 1621 1613 1602 1590 1576 1562 1549 1537 1529 1524 1523 1525 1527 1529 1528 1525 1518 1510 1501 1492 1484 1479 1478 1482 1491 1504 1522 1544 1567 1592 1617 1642 1666 1690 1713 1734 1755 1774 1791 1804 1813 1820 1824 1825 1827 1830 1838 1852 1872
1514 1527 1541 1555 1569 1582 1593 1601 1607 1609 1607 1602 1595 1587 1578 1570 1564 1560 1560 1562 1566 1571 1578 1585 1593 1601 1610 1618 1625 1631 1635 1637 1636 1632 1624 1614 1602 1588 1574 1561 1550 1542 1538 1538 1540 1543 1546 1546 1543 1537 1529 1521 1513 1505 1501 1500 1504 1513 1527 1545 1566 1589 1613 1638 1662 1685 1707 1728 1748 1768 1785 1800 1812 1821 1827 1830 1832 1834 1838 1845 1859 1879
1527 1540 1553 1567 1581 1593 1604 1612 1618 1620 1618 1613 1606 1598 1589 1581 1575 1572 1571 1573 1577 1583 1589 1596 1603 1611 1620 1628 1635 1641 1646 1648 1647 1643 1637 1627 1616 1603 1590 1577 1566 1559 1556 1556 1559 1562 1565 1566 1564 1559 1552 1544 1536 1530 1525 1525 1529 1538 1552 1570 1591 1614 1637 1660 1683 1705 1725 1745 1763 1780 1796 1809 1820 1828 1834 1837 1839 1841 1845 1853 1866 1885
1542 1554 1567 1581 1594 1606 1616 1625 1630 1632 1631 1627 1620 1612 1604 1596 1590 1587 1587 1589 1592 1597 1603 1609 1616 1624 1632 1639 1646 1653 1657 1660 1660 1657 1652 1643 1633 1622 1610 1598 1588 1581 1578 1579 1581 1585 1587 1588 1586 1582 1575 1568 1562 1556 1553 1554 1558 1568 1581 1599 1619 1640 1662 1684 1705 1725 1743 1761 1777 1793 1807 1819 1828 1835 1840 1844 1846 1849 1853 1860 1872 1889
1558 1570 1582 1595 1607 1618 1628 1636 1642 1644 1644 1640 1635 1628 1621 1614 1609 1606 1606 1608 1611 1615 1620 1626 1632 1638 1645 1653 1659 1666 1670 1674 1674 1673 1669 1663 1655 1646 1636 1625 1616 1610 1607 1607 1608 1610 1611 1611 1609 1605 1599 1594 1589 1585 1584 1585 1591 1600 1613 1629 1648 1667 1687 1707 1726 1744 1760 1776 1791 1804 1816 1827 1835 1842 1846 1850 1853 1855 1859 1866 1876 1891
1575 1585 1597 1608 1619 1630 1639 1647 1652 1655 1656 1654 1650 1645 1640 1635 1631 1629 1628 1630 1632 1636 1640 1644 1649 1655 1661 1668 1674 1680 1685 1689 1691 1691 1690 1686 1681 1674 1667 1659 1651 1645 1642 1639 1638 1638 1637 1635 1632 1627 1623 1619 1616 1615 1616 1619 1625 1634 1646 1661 1677 1694 1712 1729 1745 1761 1775 1789 1802 1814 1825 1834 1841 1847 1851 1855 1857 1860 1864 1870 1879 1891
1592 1601 1611 1621 1630 1640 1648 1656 1661 1665 1667 1666 1665 1662 1659 1656 1653 1652 1652 1653 1655 1658 1661 1664 1668 1673 1679 1685 1691 1697 1703 1707 1710 1712 1713 1712 1709 1706 1701 1696 1690 1684 1679 1675 1671 1667 1663 1658 1654 1650 1647 1645 1644 1645 1648 1653 1660 1669 1679 1692 1706 1720 1734 1749 1762 1776 1788 1800 1812 1822 1831 1839 1845 1850 1854 1858 1860 1863 1866 1871 1879 1889
1609 1616 1624 1632 1640 1648 1655 1662 1668 1672 1675 1677 1677 1677 1676 1676 1675 1675 1676 1677 1678 1680 1682 1685 1688 1692 1697 1703 1709 1715 1721 1727 1731 1735 1737 1739 1739 1739 1737 1734 1730 1724 1718 1711 1704 1697 1690 1683 1677 1672 1670 1670 1671 1675 1680 1686 1693 1702 1711 1721 1732 1743 1755 1766 1777 1788 1799 1810 1819 1828 1836 1843 1848 1853 1856 1860 1862 1865 1867 1872 1878 1886
1625 1630 1636 1642 1648 1654 1660 1666 1672 1677 1681 1684 1687 1689 1691 1693 1695 1696 1697 1699 1700 1701 1703 1705 1708 1712 1716 1722 1728 1735 1741 1747 1753 1758 1762 1766 1769 1771 1772 1771 1768 1762 1755 1746 1736 1726 1716 1707 1699 1695 1693 1694 1698 1703 1709 1717 1724 1732 1739 1747 1755 1764 1772 1781 1789 1798 1808 1817 1825 1833 1840 1845 1850 1854 1857 1860 1863 1865 1868 1871 1876 1883
1640 1643 1646 1649 1653 1657 1662 1667 1672 1677 1683 1687 1692 1697 1702 1706 1710 1713 1715 1717 1718 1720 1721 1723 1726 1730 1735 1741 1747 1754 1761 1767 1774 1780 1785 1791 1795 1799 1802 1802 1800 1795 1787 1776 1765 1753 1741 1731 1722 1717 1716 1718 1723 1729 1736 1744 1751 1757 1763 1769 1775 1781 1787 1793 1799 1807 1814 1822 1830 1837 1842 1847 1851 1854 1858 1861 1863 1865 1867 1870 1874 1879
1654 1654 1654 1655 1656 1658 1661 1665 1669 1675 1680 1687 1693 1700 1707 1714 1720 1725 1729 1731 1733 1735 1737 1739 1742 1747 1752 1758 1765 1773 1780 1787 1794 1800 1807 1812 1818 1822 1825 1826 1824 1819 1811 1801 1789 1777 1765 1754 1746 1741 1739 1742 1746 1752 1759 1766 1772 1778 1782 1786 1790 1794 1798 1802 1807 1813 1820 1827 1833 1839 1844 1848 1852 1855 1858 1861 1863 1865 1867 1870 1873 1876
1667 1664 1660 1658 1656 1656 1657 1659 1663 1668 1674 1682 1690 1699 1708 1717 1725 1732 1737 1741 1744 1746 1749 1752 1756 1761 1768 1775 1783 1791 1799 1806 1813 1820 1825 1831 1835 1838 1841 1841 1839 1835 1828 1819 1809 1798 1787 1778 1770 1765 1763 1764 1768 1772 1778 1783 1788 1792 1795 1797 1800 1803 1806 1809 1813 1818 1823 1830 1835 1841 1845 1849 1852 1855 1858 1861 1864 1866 1868 1869 1871 1874
1679 1672 1665 1660 1655 1652 1651 1652 1655 1659 1665 1673 1683 1693 1704 1715 1725 1734 1740 1746 1750 1754 1758 1762 1767 1774 1781 1790 1798 1807 1816 1824 1831 1837 1842 1845 1848 1849 1850 1849 1846 1842 1837 1831 1823 1816 1807 1800 1793 1789 1786 1786 1787 1789 1792 1795 1798 1800 1802 1804 1806 1808 1810 1813 1816 1821 1826 1831 1837 1842 1846 1850 1853 1855 1858 1861 1864 1866 1868 1869 1871 1872
1690 1679 1670 1661 1653 1648 1645 1643 1645 1648 1654 1662 1672 1684 1696 1709 1720 1731 1740 1747 1753 1758 1763 1769 1776 1784 1793 1802 1812 1822 1832 1840 1847 1852 1855 1856 1856 1855 1853 1851 1848 1844 1841 1838 1834 1830 1825 1820 1815 1811 1808 1805 1804 1803 1803 1803 1804 1804 1805 1807 1808 1810 1813 1815 1818 1822 1827 1832 1837 1842 1846 1850 1853 1856 1859 1862 1864 1866 1868 1869 1870 1871
1701 1687 1674 1662 1652 1644 1638 1635 1634 1636 1642 1650 1660 1672 1685 1699 1712 1724 1735 1743 1751 1758 1765 1773 1782 1791 1802 1813 1824 1834 1844 1853 1860 1864 1865 1864 1861 1858 1853 1849 1845 1843 1842 1842 1842 1841 1840 1838 1835 1831 1826 1822 1817 1814 1810 1808 1806 1805 1805 1806 1808 1810 1812 1815 1819 1823 1827 1832 1837 1842 1846 1850 1853 1856 1859 1862 1864 1866 1868 1869 1869 1870
1712 1696 1680 1665 1652 1641 1633 1627 1624 1625 1629 1636 1646 1658 1671 1686 1701 1714 1726 1737 1746 1755 1764 1774 1785 1796 1808 1820 1831 1843 1853 1862 1868 1871 1871 1868 1864 1858 1852 1847 1843 1841 1842 1844 1847 1850 1852 1852 1851 1847 1841 1835 1828 1821 1815 1810 1806 1804 1803 1804 1806 1808 1811 1814 1818 1822 1827 1832 1837 1842 1846 1849 1853 1856 1859 1862 1864 1866 1867 1868 1869 1869
1725 1705 1687 1669 1653 1640 1629 1621 1616 1615 1617 1623 1631 1643 1656 1671 1686 1701 1714 1727 1738 1749 1761 1772 1785 1797 1810 1823 1835 1847 1857 1866 1871 1874 1873 1870 1864 1858 1851 1845 1841 1840 1843 1847 1852 1857 1861 1862 1862 1858 1851 1843 1835 1826 1818 1811 1805 1802 1801 1801 1803 1806 1809 1812 1816 1821 1826 1831 1836 1841 1846 1849 1853 1856 1859 1862 1864 1866 1867 1868 1868 1868
1738 1716 1695 1675 1657 1641 1628 1617 1610 1607 1607 1611 1618 1628 1640 1655 1670 1686 1700 1714 1728 1741 1755 1768 1782 1796 1810 1823 1835 1846 1856 1864 1869 1872 1871 1868 1863 1857 1851 1846 1842 1842 1845 1850 1856 1861 1866 1868 1867 1864 1857 1848 1838 1828 1819 1811 1804 1800 1799 1799 1800 1803 1806 1810 1815 1819 1825 1830 1835 1841 1845 1850 1853 1857 1860 1863 1865 1866 1867 1867 1867 1867
1750 1728 1705 1683 1662 1644 1629 1616 1607 1601 1599 1601 1606 1614 1626 1639 1654 1670 1685 1701 1716 1731 1747 1762 1777 1792 1806 1819 1831 1841 1850 1857 1863 1865 1866 1864 1861 1856 1852 1848 1846 1846 1849 1853 1859 1864 1868 1870 1869 1865 1858 1849 1839 1829 1819 1810 1804 1799 1797 1797 1798 1801 1804 1808 1813 1818 1823 1829 1834 1840 1845 1850 1854 1857 1860 1863 1865 1866 1866 1866 1866 1866
