raw_predictors/buf_land_ENVS/X5m_mean_00s_bio12.asc
NCOLS 685 
NROWS 631 
XLLCORNER -91.732961667 
YLLCORNER -37.473667521 
CELLSIZE 0.08331 
NODATA_value -9999 
[rows 222 to 258 of 631, columns 492 to 573 of 685]
1896 1901 1906 1910 1911 1910 1908 1906 1905 1906 1909 1914 1922 1933 1947 1962 1976 1992 2008 2019 2022 2018 2008 1993 1976 1959 1945 1934 1925 1918 1912 1907 1902 1898 1894 1891 1888 1886 1883 1881 1879 1877 1875 1874 1872 1871 1870 1869 1867 1866 1864 1863 1862 1862 1861 1861 1860 1858 1857 1858 1862 1872 1886 1905 1924 1941 1956 1967 1970 1966 1953 1934 1912 1886 1860 1834 1811 1795 1784 1778 1774 1772
1890 1895 1899 1902 1904 1905 1904 1904 1905 1908 1912 1919 1929 1942 1956 1971 1986 2001 2016 2026 2028 2022 2009 1991 1972 1953 1936 1923 1913 1906 1900 1895 1892 1889 1887 1885 1884 1882 1880 1878 1877 1875 1874 1872 1871 1869 1868 1867 1865 1863 1862 1860 1859 1859 1859 1859 1858 1857 1857 1858 1862 1871 1885 1902 1920 1937 1951 1961 1964 1960 1948 1931 1909 1886 1861 1836 1815 1800 1790 1785 1781 1779
1884 1887 1890 1893 1896 1899 1901 1905 1910 1917 1926 1937 1949 1963 1978 1993 2007 2020 2032 2040 2040 2032 2017 1997 1975 1953 1934 1919 1908 1899 1893 1888 1885 1883 1882 1882 1881 1880 1878 1877 1875 1874 1872 1870 1869 1867 1866 1865 1863 1861 1860 1858 1857 1857 1858 1858 1858 1857 1857 1859 1862 1870 1881 1895 1910 1923 1934 1942 1945 1943 1935 1922 1906 1888 1869 1850 1832 1819 1810 1804 1799 1794
1877 1878 1880 1883 1888 1893 1900 1909 1920 1932 1947 1962 1979 1995 2010 2024 2036 2047 2056 2061 2058 2047 2030 2008 1983 1959 1938 1920 1907 1897 1889 1884 1882 1880 1880 1880 1879 1879 1877 1875 1873 1872 1870 1868 1867 1865 1864 1863 1861 1860 1858 1857 1856 1856 1857 1857 1857 1858 1858 1860 1863 1868 1876 1885 1894 1902 1909 1914 1917 1917 1914 1909 1902 1893 1882 1871 1859 1849 1840 1832 1824 1816
1870 1868 1869 1872 1878 1887 1898 1913 1931 1950 1971 1992 2012 2031 2047 2060 2070 2078 2084 2086 2080 2067 2048 2023 1996 1969 1945 1925 1909 1897 1888 1882 1879 1878 1878 1878 1878 1877 1875 1873 1871 1869 1867 1865 1864 1863 1862 1861 1859 1858 1857 1856 1856 1856 1856 1857 1858 1858 1859 1860 1862 1865 1869 1872 1876 1878 1880 1881 1883 1886 1890 1893 1896 1897 1897 1895 1890 1883 1874 1863 1852 1840
1861 1858 1857 1860 1867 1879 1896 1916 1940 1967 1994 2020 2045 2066 2083 2096 2104 2111 2114 2113 2105 2090 2068 2041 2011 1980 1953 1930 1911 1897 1886 1880 1876 1875 1875 1876 1875 1874 1872 1870 1867 1865 1863 1862 1861 1860 1859 1858 1857 1857 1856 1855 1855 1855 1856 1857 1858 1859 1860 1861 1862 1862 1861 1860 1858 1854 1851 1849 1851 1856 1865 1877 1889 1900 1909 1915 1917 1913 1904 1891 1876 1861
1853 1847 1845 1847 1856 1870 1891 1916 1946 1978 2010 2041 2070 2094 2112 2126 2135 2141 2143 2140 2130 2113 2088 2058 2025 1991 1960 1933 1912 1895 1882 1875 1871 1870 1870 1871 1870 1869 1867 1864 1862 1860 1858 1857 1856 1856 1856 1855 1855 1855 1854 1854 1854 1855 1855 1856 1857 1858 1860 1860 1860 1858 1855 1849 1842 1835 1828 1823 1824 1831 1845 1862 1881 1900 1916 1928 1934 1933 1924 1910 1893 1875
1844 1836 1832 1834 1844 1860 1884 1913 1946 1982 2018 2053 2084 2111 2132 2148 2159 2166 2168 2165 2154 2135 2108 2075 2038 2000 1965 1934 1910 1890 1876 1867 1863 1862 1863 1863 1863 1862 1859 1857 1855 1853 1852 1851 1851 1851 1851 1852 1852 1852 1852 1852 1853 1853 1854 1855 1856 1857 1858 1859 1858 1854 1848 1840 1831 1821 1812 1807 1807 1815 1831 1851 1873 1895 1914 1929 1938 1938 1930 1916 1899 1880
1835 1826 1821 1823 1832 1850 1875 1905 1941 1978 2016 2053 2086 2116 2140 2160 2174 2183 2188 2186 2175 2155 2126 2090 2049 2007 1968 1934 1906 1884 1868 1858 1854 1853 1853 1854 1854 1852 1850 1848 1846 1845 1844 1844 1845 1845 1846 1847 1848 1849 1849 1850 1851 1852 1852 1853 1854 1855 1856 1856 1854 1850 1843 1835 1825 1815 1806 1800 1801 1809 1824 1843 1864 1885 1904 1918 1926 1928 1921 1909 1894 1877
1826 1816 1811 1812 1821 1839 1864 1895 1930 1967 2005 2042 2077 2108 2136 2160 2179 2192 2201 2201 2192 2171 2140 2101 2057 2012 1969 1931 1901 1876 1859 1848 1844 1842 1843 1843 1843 1842 1840 1838 1836 1836 1836 1837 1838 1839 1841 1842 1844 1845 1846 1847 1848 1849 1850 1850 1851 1852 1852 1851 1849 1845 1839 1832 1823 1815 1807 1803 1804 1811 1823 1838 1855 1872 1887 1897 1903 1904 1900 1891 1878 1865
1818 1808 1802 1802 1811 1828 1851 1881 1915 1950 1987 2023 2057 2090 2121 2149 2173 2191 2204 2208 2201 2181 2149 2108 2061 2013 1967 1927 1894 1868 1849 1838 1833 1831 1831 1832 1831 1830 1828 1827 1826 1826 1827 1829 1831 1833 1835 1836 1838 1840 1841 1843 1844 1845 1846 1846 1847 1847 1847 1846 1844 1841 1836 1830 1825 1819 1813 1811 1812 1816 1825 1835 1846 1857 1865 1871 1874 1874 1871 1865 1857 1848
1811 1800 1793 1793 1801 1816 1838 1865 1896 1929 1963 1997 2030 2064 2097 2129 2157 2180 2198 2206 2201 2182 2150 2108 2060 2010 1962 1920 1886 1859 1839 1828 1822 1820 1820 1820 1819 1818 1817 1815 1815 1816 1818 1821 1823 1826 1828 1830 1832 1834 1836 1838 1839 1840 1841 1842 1842 1841 1841 1840 1838 1836 1833 1830 1827 1823 1820 1819 1820 1822 1827 1832 1837 1841 1844 1845 1844 1843 1842 1839 1835 1829
1803 1792 1785 1784 1791 1804 1823 1847 1875 1904 1935 1966 1998 2031 2065 2099 2131 2157 2179 2191 2190 2173 2141 2099 2051 2001 1953 1911 1877 1849 1830 1818 1811 1809 1808 1808 1807 1806 1805 1804 1804 1806 1809 1812 1815 1818 1820 1823 1825 1827 1829 1832 1833 1835 1835 1836 1836 1835 1834 1833 1831 1830 1829 1828 1827 1825 1824 1824 1824 1825 1826 1827 1827 1827 1825 1822 1819 1818 1817 1817 1816 1814
1795 1785 1778 1776 1781 1792 1808 1828 1852 1877 1904 1932 1961 1993 2027 2062 2095 2124 2148 2163 2164 2150 2120 2080 2033 1985 1940 1899 1866 1839 1820 1808 1801 1798 1797 1796 1795 1794 1793 1792 1793 1795 1799 1802 1806 1809 1812 1815 1817 1820 1822 1825 1827 1828 1829 1829 1829 1828 1827 1825 1824 1823 1823 1823 1824 1823 1823 1823 1823 1823 1822 1821 1818 1815 1811 1806 1802 1801 1801 1802 1802 1803
1786 1777 1770 1768 1771 1780 1792 1808 1827 1848 1870 1894 1920 1950 1982 2017 2050 2080 2106 2123 2126 2114 2088 2051 2008 1964 1922 1885 1854 1829 1811 1799 1792 1788 1786 1785 1784 1783 1781 1781 1782 1785 1789 1793 1796 1800 1803 1806 1808 1811 1814 1817 1819 1820 1821 1821 1821 1820 1819 1817 1816 1816 1816 1816 1817 1817 1817 1817 1817 1816 1815 1813 1810 1806 1802 1798 1794 1793 1793 1794 1796 1797
1777 1769 1763 1760 1762 1767 1776 1788 1801 1817 1834 1853 1876 1903 1934 1967 1999 2029 2055 2073 2078 2069 2047 2015 1977 1938 1901 1869 1841 1819 1802 1790 1783 1779 1776 1774 1773 1772 1771 1770 1772 1774 1778 1783 1787 1790 1793 1796 1799 1802 1805 1808 1810 1812 1813 1813 1812 1811 1810 1809 1808 1807 1807 1807 1808 1808 1807 1806 1806 1806 1805 1804 1802 1800 1797 1794 1792 1791 1791 1793 1794 1796
1768 1761 1755 1752 1753 1756 1760 1767 1775 1785 1797 1812 1832 1856 1884 1915 1946 1975 2001 2019 2026 2020 2002 1976 1944 1912 1881 1853 1830 1811 1795 1784 1776 1771 1768 1766 1764 1763 1762 1761 1763 1765 1770 1774 1778 1781 1784 1786 1789 1792 1795 1798 1801 1803 1803 1803 1803 1802 1800 1799 1798 1798 1797 1797 1797 1796 1795 1794 1793 1794 1794 1795 1795 1795 1795 1794 1793 1793 1794 1795 1795 1796
1758 1752 1747 1744 1744 1744 1746 1748 1751 1756 1763 1774 1790 1811 1837 1866 1896 1923 1949 1968 1976 1973 1960 1940 1915 1888 1863 1841 1822 1806 1792 1782 1774 1768 1764 1760 1758 1756 1755 1755 1756 1759 1763 1767 1770 1773 1775 1777 1780 1782 1785 1788 1790 1792 1793 1793 1792 1791 1791 1790 1789 1788 1787 1787 1786 1784 1782 1781 1781 1782 1784 1786 1789 1791 1793 1794 1795 1796 1796 1797 1797 1797
1749 1744 1740 1737 1735 1733 1732 1731 1730 1731 1734 1741 1754 1773 1797 1824 1852 1879 1905 1925 1934 1934 1926 1911 1892 1872 1852 1835 1820 1806 1794 1784 1776 1769 1763 1759 1756 1754 1753 1752 1753 1755 1759 1763 1765 1767 1769 1770 1771 1773 1775 1777 1779 1780 1781 1781 1781 1781 1780 1780 1779 1779 1778 1776 1775 1773 1770 1769 1769 1771 1774 1778 1782 1786 1790 1793 1796 1797 1798 1798 1797 1797
1740 1736 1732 1729 1726 1723 1720 1717 1713 1711 1712 1716 1726 1743 1765 1791 1819 1845 1872 1892 1904 1907 1903 1892 1878 1863 1848 1835 1823 1812 1801 1791 1782 1774 1768 1762 1758 1755 1753 1753 1753 1755 1759 1761 1763 1764 1765 1764 1764 1764 1764 1765 1767 1767 1768 1768 1769 1769 1770 1770 1770 1770 1768 1767 1765 1763 1760 1759 1759 1761 1765 1770 1776 1781 1786 1790 1793 1795 1796 1796 1795 1794
1732 1728 1724 1720 1717 1714 1710 1706 1701 1698 1696 1699 1708 1723 1744 1769 1796 1823 1850 1872 1887 1892 1891 1884 1874 1862 1851 1841 1831 1822 1812 1802 1793 1784 1776 1769 1764 1760 1758 1757 1757 1759 1761 1763 1764 1764 1763 1760 1758 1756 1754 1754 1754 1754 1754 1755 1756 1757 1759 1760 1761 1761 1760 1758 1756 1754 1752 1751 1751 1754 1758 1763 1769 1775 1780 1784 1788 1790 1791 1791 1791 1790
1724 1719 1716 1712 1709 1706 1702 1697 1693 1689 1688 1690 1698 1712 1732 1757 1784 1812 1840 1864 1880 1888 1889 1885 1877 1868 1859 1851 1843 1835 1826 1816 1806 1796 1787 1780 1773 1769 1766 1764 1764 1765 1767 1768 1768 1766 1763 1758 1753 1748 1745 1742 1740 1739 1739 1741 1743 1745 1748 1750 1752 1752 1751 1750 1749 1747 1745 1744 1745 1747 1751 1756 1762 1767 1772 1776 1779 1781 1783 1784 1784 1783
1715 1711 1707 1704 1701 1698 1695 1691 1687 1684 1683 1686 1693 1707 1727 1751 1779 1807 1836 1861 1879 1889 1892 1889 1883 1876 1869 1862 1856 1849 1840 1830 1820 1809 1800 1791 1784 1778 1775 1773 1772 1773 1774 1774 1773 1769 1764 1757 1749 1741 1735 1730 1726 1725 1725 1726 1729 1733 1737 1740 1743 1744 1744 1743 1742 1740 1739 1739 1739 1742 1745 1750 1754 1759 1762 1766 1768 1771 1773 1774 1775 1775
1707 1703 1699 1696 1693 1691 1689 1686 1683 1681 1681 1684 1691 1704 1723 1748 1775 1802 1831 1857 1876 1887 1891 1890 1885 1880 1875 1870 1865 1859 1850 1841 1830 1820 1810 1801 1793 1787 1783 1781 1780 1780 1780 1779 1777 1771 1764 1754 1744 1734 1725 1718 1713 1711 1710 1713 1716 1721 1726 1730 1733 1735 1736 1735 1735 1734 1733 1733 1734 1736 1739 1743 1746 1750 1753 1755 1757 1759 1761 1763 1764 1765
1698 1694 1690 1688 1685 1684 1682 1681 1679 1677 1678 1681 1688 1700 1718 1741 1767 1794 1821 1846 1865 1876 1882 1882 1879 1875 1872 1869 1865 1860 1853 1845 1835 1825 1816 1807 1799 1794 1790 1787 1786 1785 1784 1782 1778 1771 1762 1751 1739 1727 1716 1707 1701 1698 1697 1700 1704 1710 1715 1720 1724 1727 1727 1728 1727 1727 1726 1727 1728 1730 1732 1735 1738 1741 1743 1745 1746 1748 1750 1752 1754 1755
1689 1685 1682 1679 1677 1676 1675 1674 1673 1672 1673 1676 1682 1694 1710 1731 1754 1778 1803 1826 1843 1855 1861 1862 1861 1859 1857 1856 1855 1852 1847 1840 1832 1824 1816 1809 1803 1798 1794 1791 1789 1787 1785 1781 1776 1768 1757 1745 1731 1718 1707 1697 1690 1686 1686 1689 1693 1699 1705 1711 1715 1717 1719 1719 1719 1719 1719 1719 1720 1722 1724 1727 1730 1732 1734 1735 1737 1738 1740 1742 1743 1745
1680 1676 1673 1671 1669 1669 1668 1667 1666 1666 1667 1669 1675 1685 1699 1716 1736 1756 1777 1796 1812 1823 1829 1831 1832 1831 1831 1832 1832 1832 1830 1826 1822 1817 1812 1807 1802 1798 1795 1792 1789 1785 1782 1776 1770 1761 1749 1737 1723 1710 1698 1688 1681 1677 1677 1679 1683 1689 1695 1701 1705 1708 1709 1710 1710 1710 1710 1710 1711 1713 1716 1718 1721 1724 1726 1727 1728 1729 1730 1732 1733 1734
1670 1667 1664 1662 1661 1660 1660 1659 1658 1658 1659 1661 1666 1674 1685 1699 1714 1729 1746 1761 1774 1784 1790 1793 1795 1796 1797 1799 1802 1804 1805 1806 1805 1804 1803 1801 1799 1796 1794 1790 1786 1781 1776 1769 1761 1751 1740 1727 1714 1701 1690 1680 1674 1670 1668 1670 1674 1680 1685 1691 1695 1698 1699 1700 1700 1700 1700 1700 1701 1703 1706 1709 1712 1715 1717 1719 1720 1721 1721 1722 1722 1723
1660 1657 1654 1653 1652 1651 1651 1650 1650 1650 1651 1653 1657 1663 1671 1680 1691 1702 1713 1725 1735 1743 1749 1753 1756 1758 1760 1764 1768 1773 1778 1783 1786 1789 1791 1792 1792 1792 1790 1786 1781 1775 1768 1760 1751 1741 1729 1717 1704 1692 1682 1673 1667 1662 1661 1662 1665 1670 1675 1680 1685 1687 1689 1689 1689 1690 1689 1690 1691 1693 1696 1699 1703 1706 1709 1710 1711 1712 1712 1711 1711 1711
1650 1647 1645 1643 1642 1642 1642 1641 1641 1642 1643 1645 1649 1653 1658 1663 1669 1675 1683 1691 1698 1705 1711 1716 1720 1723 1727 1732 1738 1745 1753 1761 1768 1773 1778 1781 1784 1785 1784 1781 1775 1768 1761 1752 1742 1731 1720 1708 1696 1684 1673 1665 1658 1654 1652 1652 1655 1659 1664 1669 1673 1676 1678 1678 1679 1679 1679 1679 1680 1682 1685 1688 1692 1696 1699 1701 1701 1701 1701 1700 1698 1697
1640 1637 1635 1633 1633 1632 1632 1632 1632 1633 1635 1638 1641 1643 1646 1648 1650 1653 1657 1662 1667 1674 1680 1686 1692 1697 1703 1709 1716 1725 1735 1744 1752 1759 1764 1769 1773 1775 1775 1773 1768 1762 1755 1746 1736 1725 1713 1701 1688 1675 1664 1655 1648 1643 1641 1640 1643 1647 1652 1658 1662 1665 1666 1667 1667 1668 1668 1668 1669 1671 1674 1677 1680 1684 1687 1689 1689 1689 1688 1686 1685 1683
1630 1627 1625 1624 1623 1622 1622 1622 1623 1625 1627 1630 1633 1635 1635 1635 1634 1635 1636 1640 1644 1650 1658 1666 1674 1681 1689 1696 1705 1715 1725 1734 1741 1746 1751 1756 1759 1762 1764 1763 1761 1756 1751 1743 1734 1723 1710 1696 1681 1667 1654 1644 1636 1630 1627 1627 1629 1634 1639 1645 1649 1653 1655 1655 1656 1657 1657 1657 1658 1660 1662 1665 1668 1671 1673 1675 1675 1674 1673 1671 1669 1668
1620 1618 1615 1613 1612 1612 1612 1613 1614 1616 1619 1622 1625 1626 1626 1624 1622 1621 1622 1625 1629 1636 1645 1655 1665 1675 1685 1695 1705 1714 1723 1729 1734 1737 1739 1741 1744 1747 1750 1752 1752 1751 1748 1743 1735 1723 1709 1693 1676 1658 1643 1631 1621 1614 1611 1611 1614 1619 1625 1632 1637 1640 1643 1644 1645 1646 1646 1647 1647 1648 1650 1652 1654 1656 1658 1658 1658 1657 1656 1654 1653 1653
1611 1608 1605 1603 1602 1602 1602 1603 1604 1607 1610 1614 1616 1618 1617 1616 1614 1613 1614 1617 1622 1630 1641 1653 1666 1679 1691 1703 1713 1722 1728 1731 1731 1729 1728 1727 1727 1730 1734 1739 1743 1746 1747 1745 1738 1727 1711 1692 1671 1650 1632 1617 1605 1597 1593 1594 1598 1604 1611 1618 1624 1628 1631 1632 1634 1635 1635 1636 1636 1637 1637 1638 1639 1640 1641 1641 1640 1639 1638 1637 1637 1637
1602 1599 1596 1594 1592 1591 1592 1593 1595 1598 1602 1605 1608 1610 1610 1609 1608 1609 1610 1615 1621 1631 1643 1657 1673 1688 1702 1715 1726 1733 1736 1734 1730 1724 1717 1713 1711 1713 1718 1726 1733 1740 1745 1746 1741 1730 1712 1690 1666 1643 1621 1603 1589 1580 1576 1577 1582 1589 1597 1604 1611 1615 1619 1621 1622 1624 1625 1625 1625 1625 1625 1625 1624 1624 1623 1623 1622 1621 1620 1620 1621 1623
1593 1590 1587 1585 1583 1582 1582 1583 1586 1589 1593 1597 1600 1603 1604 1604 1605 1607 1610 1616 1624 1635 1649 1665 1681 1698 1714 1728 1737 1743 1743 1738 1729 1718 1708 1700 1696 1697 1703 1713 1723 1733 1741 1745 1742 1730 1712 1688 1661 1635 1610 1590 1575 1565 1561 1562 1567 1575 1584 1592 1598 1603 1607 1609 1611 1613 1614 1615 1615 1614 1613 1612 1610 1609 1607 1606 1605 1604 1605 1607 1609 1612
1585 1582 1579 1576 1574 1573 1573 1574 1577 1580 1584 1588 1592 1595 1598 1600 1603 1607 1612 1619 1628 1641 1655 1671 1689 1706 1722 1735 1744 1748 1745 1737 1726 1712 1699 1688 1682 1683 1689 1700 1712 1723 1734 1740 1737 1726 1707 1682 1654 1627 1601 1580 1564 1554 1549 1551 1556 1564 1572 1580 1587 1592 1595 1598 1600 1602 1604 1604 1604 1603 1602 1600 1597 1595 1593 1592 1591 1592 1594 1597 1601 1606
