raw_predictors/buf_land_ENVS/X5m_mean_00s_bio12.asc
NCOLS 685 
NROWS 631 
XLLCORNER -91.732961667 
YLLCORNER -37.473667521 
CELLSIZE 0.08331 
NODATA_value -9999 
[rows 222 to 258 of 631, columns 164 to 245 of 685]
1365 1397 1427 1455 1479 1496 1507 1513 1515 1517 1520 1526 1536 1550 1568 1590 1615 1641 1665 1685 1696 1698 1690 1674 1654 1634 1612 1593 1581 1576 1578 1585 1594 1604 1613 1620 1625 1629 1633 1637 1640 1644 1647 1650 1653 1656 1659 1663 1668 1674 1681 1691 1705 1722 1741 1761 1782 1802 1822 1842 1862 1884 1906 1926 1944 1959 1972 1982 1991 1996 2000 2002 2001 1997 1991 1986 1984 1982 1981 1979 1975 1970
1373 1402 1429 1455 1476 1491 1501 1507 1509 1511 1513 1519 1529 1542 1559 1580 1604 1629 1653 1671 1683 1685 1677 1662 1643 1624 1604 1586 1575 1571 1573 1580 1590 1599 1608 1615 1620 1625 1629 1632 1635 1638 1641 1644 1647 1649 1652 1657 1662 1669 1677 1688 1704 1722 1744 1767 1791 1814 1836 1857 1877 1898 1918 1936 1950 1962 1971 1978 1983 1986 1989 1990 1989 1985 1981 1978 1978 1980 1982 1983 1983 1981
1378 1403 1428 1451 1470 1485 1494 1499 1501 1503 1506 1511 1520 1533 1549 1568 1590 1613 1634 1652 1662 1665 1659 1645 1629 1612 1594 1579 1569 1566 1569 1576 1585 1595 1605 1612 1617 1621 1625 1628 1631 1633 1635 1638 1640 1642 1645 1649 1654 1660 1669 1681 1697 1718 1743 1770 1798 1825 1850 1873 1894 1913 1929 1942 1950 1955 1957 1959 1959 1959 1959 1959 1959 1955 1952 1952 1955 1960 1967 1973 1978 1982
1380 1403 1425 1446 1463 1476 1485 1490 1493 1495 1498 1503 1512 1523 1537 1554 1573 1594 1612 1628 1637 1640 1635 1625 1611 1598 1583 1571 1563 1561 1565 1572 1582 1592 1601 1609 1614 1618 1622 1624 1626 1628 1630 1632 1633 1635 1637 1640 1645 1651 1659 1671 1689 1712 1740 1771 1804 1835 1865 1890 1910 1927 1938 1943 1943 1939 1934 1928 1923 1919 1917 1915 1914 1911 1910 1912 1918 1927 1938 1951 1963 1974
1379 1400 1420 1439 1455 1467 1475 1481 1485 1487 1491 1496 1504 1514 1526 1540 1556 1573 1589 1602 1610 1613 1610 1602 1592 1582 1571 1563 1557 1557 1561 1568 1578 1588 1598 1605 1611 1616 1619 1621 1622 1624 1625 1626 1628 1629 1631 1634 1638 1643 1650 1663 1681 1706 1737 1772 1809 1846 1879 1906 1926 1939 1944 1941 1932 1919 1905 1891 1880 1872 1867 1864 1862 1861 1861 1865 1873 1886 1903 1922 1941 1959
1378 1397 1415 1432 1447 1459 1468 1474 1478 1482 1486 1492 1499 1507 1517 1528 1541 1554 1567 1577 1584 1587 1585 1580 1574 1567 1560 1554 1552 1552 1557 1564 1574 1584 1593 1601 1608 1612 1615 1618 1619 1620 1621 1623 1625 1627 1629 1631 1635 1640 1647 1659 1678 1704 1737 1776 1817 1856 1892 1920 1939 1948 1947 1936 1918 1897 1874 1853 1837 1825 1818 1814 1812 1811 1813 1818 1829 1845 1866 1890 1916 1940
1376 1394 1411 1428 1442 1454 1463 1470 1476 1481 1485 1491 1497 1504 1511 1520 1529 1539 1548 1555 1561 1563 1563 1560 1557 1554 1550 1547 1546 1548 1552 1560 1568 1578 1587 1595 1602 1607 1611 1614 1616 1618 1620 1623 1625 1628 1631 1635 1639 1644 1652 1663 1682 1709 1743 1783 1825 1866 1902 1930 1948 1953 1946 1929 1904 1875 1846 1820 1799 1785 1776 1772 1770 1770 1773 1780 1792 1810 1834 1862 1891 1919
1376 1393 1410 1426 1440 1452 1462 1470 1477 1482 1488 1493 1499 1504 1510 1515 1522 1528 1534 1539 1542 1544 1545 1544 1542 1542 1540 1540 1541 1543 1548 1554 1562 1571 1579 1588 1595 1601 1606 1610 1614 1618 1622 1626 1630 1635 1640 1645 1650 1656 1664 1676 1694 1721 1755 1794 1835 1875 1909 1935 1949 1951 1940 1919 1890 1857 1824 1795 1771 1755 1745 1741 1740 1741 1745 1753 1766 1785 1810 1838 1868 1897
1376 1393 1410 1427 1441 1454 1464 1473 1480 1487 1493 1499 1504 1508 1512 1515 1518 1522 1525 1527 1529 1531 1531 1531 1531 1532 1532 1533 1535 1538 1543 1548 1555 1563 1570 1578 1586 1593 1600 1607 1613 1620 1626 1632 1639 1645 1652 1660 1667 1675 1684 1696 1715 1740 1771 1807 1844 1880 1910 1932 1942 1941 1928 1905 1875 1842 1808 1778 1754 1738 1728 1723 1723 1725 1731 1740 1754 1772 1795 1820 1848 1874
1378 1395 1413 1430 1445 1458 1469 1478 1487 1494 1500 1506 1511 1514 1516 1517 1518 1519 1520 1521 1522 1522 1522 1522 1523 1524 1526 1528 1530 1533 1537 1542 1548 1554 1561 1568 1576 1585 1594 1604 1613 1623 1632 1641 1650 1659 1669 1678 1689 1698 1709 1722 1740 1763 1790 1821 1853 1882 1906 1922 1929 1925 1912 1890 1861 1829 1798 1770 1748 1732 1723 1719 1719 1723 1729 1739 1752 1769 1788 1809 1831 1853
1380 1399 1417 1435 1450 1464 1475 1484 1493 1500 1507 1513 1517 1519 1520 1520 1519 1519 1518 1518 1517 1517 1516 1516 1517 1518 1520 1522 1525 1528 1532 1536 1541 1546 1552 1559 1567 1577 1589 1602 1614 1626 1638 1649 1661 1673 1685 1698 1711 1723 1735 1749 1766 1787 1809 1834 1858 1880 1898 1908 1910 1905 1892 1872 1847 1819 1792 1767 1747 1734 1726 1724 1726 1730 1737 1747 1758 1772 1786 1802 1818 1833
1383 1402 1421 1439 1454 1468 1479 1488 1497 1504 1511 1517 1521 1523 1522 1521 1520 1518 1516 1515 1514 1513 1512 1511 1512 1513 1515 1518 1520 1524 1528 1532 1536 1541 1546 1552 1561 1572 1586 1600 1615 1629 1642 1656 1669 1683 1698 1714 1730 1745 1759 1774 1790 1807 1825 1843 1860 1874 1884 1889 1888 1882 1870 1853 1832 1809 1787 1766 1750 1739 1734 1734 1737 1742 1749 1758 1767 1778 1788 1798 1807 1816
1386 1404 1423 1440 1455 1468 1479 1488 1496 1504 1510 1516 1520 1521 1521 1519 1517 1515 1513 1511 1510 1508 1507 1507 1507 1509 1511 1513 1516 1520 1524 1529 1534 1539 1544 1551 1560 1571 1586 1601 1615 1630 1643 1657 1672 1687 1705 1723 1742 1759 1776 1791 1807 1821 1834 1845 1855 1862 1866 1867 1863 1856 1846 1832 1816 1798 1781 1765 1753 1745 1742 1744 1748 1753 1760 1768 1776 1783 1789 1794 1799 1802
1387 1405 1422 1438 1452 1464 1474 1483 1490 1497 1503 1509 1512 1513 1513 1512 1510 1509 1507 1506 1504 1503 1502 1502 1503 1504 1506 1509 1513 1518 1523 1529 1535 1541 1548 1555 1564 1576 1589 1603 1616 1628 1640 1653 1667 1683 1702 1724 1745 1765 1783 1800 1815 1826 1835 1841 1845 1846 1845 1841 1835 1828 1820 1809 1798 1785 1773 1762 1753 1749 1749 1752 1757 1762 1768 1774 1780 1785 1788 1790 1792 1792
1388 1403 1419 1433 1445 1456 1465 1472 1479 1485 1490 1495 1498 1500 1500 1500 1499 1499 1499 1499 1498 1498 1497 1497 1498 1499 1502 1505 1510 1516 1523 1531 1540 1549 1557 1566 1575 1585 1596 1607 1616 1624 1632 1642 1654 1670 1691 1714 1739 1761 1782 1800 1814 1823 1828 1830 1828 1825 1819 1813 1806 1799 1793 1786 1778 1771 1763 1756 1752 1750 1752 1757 1762 1767 1772 1777 1781 1784 1786 1787 1787 1786
1387 1400 1413 1425 1435 1444 1451 1458 1463 1468 1472 1476 1479 1481 1482 1484 1485 1487 1489 1490 1491 1491 1492 1492 1492 1494 1497 1501 1507 1514 1524 1535 1547 1558 1569 1580 1589 1598 1606 1612 1615 1618 1621 1626 1636 1651 1672 1698 1724 1749 1772 1791 1805 1813 1815 1813 1808 1800 1792 1784 1776 1770 1766 1762 1759 1756 1753 1750 1749 1750 1754 1759 1764 1769 1773 1776 1779 1782 1783 1784 1783 1782
1385 1396 1406 1415 1423 1430 1436 1441 1444 1448 1451 1453 1456 1459 1462 1465 1469 1473 1477 1481 1483 1485 1486 1486 1487 1489 1492 1496 1503 1512 1524 1538 1553 1568 1582 1594 1604 1611 1615 1616 1614 1611 1608 1609 1615 1629 1650 1677 1705 1732 1756 1776 1790 1797 1797 1792 1784 1774 1764 1755 1747 1743 1740 1740 1741 1742 1743 1744 1746 1749 1754 1759 1764 1768 1771 1773 1776 1778 1780 1781 1781 1781
1383 1391 1399 1405 1411 1416 1420 1423 1425 1427 1428 1430 1432 1435 1439 1445 1451 1458 1465 1471 1475 1478 1480 1481 1482 1484 1486 1491 1499 1509 1523 1539 1557 1575 1592 1606 1616 1621 1622 1619 1612 1604 1596 1593 1596 1608 1629 1656 1685 1713 1738 1758 1772 1777 1776 1770 1760 1749 1738 1728 1722 1718 1718 1721 1725 1729 1734 1738 1743 1747 1753 1758 1762 1765 1767 1769 1771 1773 1776 1778 1779 1780
1379 1386 1392 1397 1400 1403 1406 1407 1407 1407 1406 1407 1409 1412 1417 1424 1433 1442 1452 1460 1466 1471 1473 1475 1476 1478 1480 1485 1493 1504 1519 1537 1556 1576 1594 1610 1620 1625 1624 1618 1608 1597 1587 1581 1583 1593 1613 1639 1667 1694 1719 1739 1752 1757 1755 1748 1738 1726 1715 1707 1701 1699 1701 1706 1713 1720 1727 1734 1740 1745 1751 1755 1759 1761 1763 1764 1766 1768 1771 1774 1777 1779
1374 1380 1385 1389 1391 1393 1393 1392 1390 1388 1386 1385 1387 1390 1396 1405 1415 1427 1438 1448 1457 1462 1466 1467 1469 1471 1474 1478 1486 1498 1513 1531 1551 1571 1589 1605 1616 1620 1619 1613 1603 1592 1582 1576 1576 1586 1604 1628 1653 1678 1701 1719 1730 1735 1733 1726 1717 1707 1697 1690 1686 1686 1689 1696 1704 1712 1721 1729 1736 1742 1747 1752 1755 1757 1758 1759 1760 1763 1766 1770 1774 1777
1367 1373 1378 1382 1384 1384 1383 1380 1376 1372 1368 1366 1367 1370 1377 1386 1398 1411 1424 1436 1445 1452 1456 1459 1461 1463 1466 1471 1478 1489 1504 1521 1540 1559 1576 1591 1601 1607 1608 1604 1597 1588 1581 1577 1578 1586 1602 1622 1644 1665 1684 1699 1709 1713 1712 1707 1699 1691 1684 1679 1677 1678 1683 1690 1698 1707 1716 1724 1732 1738 1743 1747 1750 1751 1752 1752 1754 1757 1761 1765 1769 1772
1358 1365 1371 1375 1377 1376 1374 1369 1364 1358 1353 1350 1350 1353 1360 1369 1382 1396 1410 1422 1433 1440 1446 1449 1451 1454 1457 1462 1469 1479 1492 1507 1524 1541 1556 1569 1580 1587 1591 1591 1589 1586 1583 1582 1585 1594 1606 1622 1639 1655 1670 1682 1690 1693 1693 1690 1685 1680 1675 1673 1673 1676 1681 1687 1695 1704 1712 1720 1727 1733 1737 1741 1743 1744 1745 1746 1748 1751 1754 1758 1763 1766
1347 1355 1362 1367 1369 1368 1365 1359 1353 1346 1340 1336 1336 1338 1345 1355 1367 1381 1396 1409 1420 1428 1434 1438 1441 1444 1448 1452 1459 1468 1479 1492 1506 1520 1533 1545 1555 1564 1571 1577 1581 1583 1586 1590 1596 1604 1614 1626 1637 1648 1658 1666 1672 1675 1676 1675 1673 1671 1670 1670 1672 1676 1681 1687 1694 1701 1709 1716 1722 1727 1731 1734 1736 1737 1738 1739 1741 1744 1747 1751 1755 1759
1334 1343 1351 1357 1360 1359 1355 1349 1342 1334 1328 1324 1323 1326 1332 1341 1354 1368 1382 1395 1407 1415 1422 1426 1430 1434 1438 1442 1448 1457 1466 1477 1489 1500 1511 1521 1531 1542 1553 1563 1572 1581 1589 1597 1605 1614 1622 1629 1636 1642 1647 1652 1656 1659 1661 1662 1663 1664 1666 1669 1672 1677 1682 1687 1693 1699 1705 1711 1716 1721 1724 1727 1729 1730 1731 1732 1734 1737 1740 1744 1747 1751
1319 1329 1337 1344 1347 1347 1343 1338 1330 1323 1317 1313 1312 1314 1320 1330 1342 1356 1369 1382 1394 1403 1410 1415 1420 1424 1428 1433 1439 1447 1455 1464 1474 1483 1493 1502 1512 1525 1538 1552 1566 1578 1590 1602 1612 1620 1627 1631 1634 1636 1638 1640 1642 1645 1648 1651 1655 1658 1662 1667 1672 1677 1681 1686 1691 1696 1701 1706 1710 1714 1717 1719 1721 1723 1724 1725 1727 1729 1732 1736 1739 1742
1303 1312 1321 1327 1331 1331 1329 1324 1317 1311 1306 1302 1302 1304 1310 1319 1331 1344 1357 1370 1381 1390 1397 1404 1409 1414 1419 1425 1431 1438 1446 1455 1464 1472 1481 1490 1501 1514 1529 1545 1560 1575 1589 1602 1613 1622 1627 1629 1630 1630 1629 1629 1630 1633 1637 1642 1647 1652 1658 1664 1670 1675 1679 1684 1688 1692 1696 1700 1704 1707 1710 1712 1713 1715 1716 1717 1719 1722 1725 1728 1731 1734
1285 1294 1301 1307 1311 1312 1311 1307 1303 1298 1295 1292 1293 1295 1301 1310 1321 1333 1346 1358 1368 1378 1386 1392 1399 1405 1411 1417 1424 1432 1440 1449 1458 1467 1476 1486 1498 1511 1526 1541 1557 1572 1586 1599 1609 1617 1622 1624 1623 1622 1621 1620 1621 1624 1629 1634 1640 1647 1653 1660 1666 1671 1676 1680 1683 1687 1690 1694 1697 1700 1702 1704 1705 1707 1708 1710 1712 1714 1717 1720 1723 1726
1267 1274 1280 1285 1289 1291 1291 1290 1288 1285 1284 1283 1285 1288 1294 1302 1313 1324 1335 1346 1356 1366 1374 1381 1388 1396 1402 1410 1417 1426 1435 1445 1455 1466 1476 1487 1499 1512 1526 1540 1554 1567 1580 1592 1601 1608 1613 1615 1615 1614 1613 1613 1614 1618 1622 1628 1635 1641 1648 1655 1661 1666 1670 1674 1677 1680 1684 1687 1689 1692 1694 1696 1697 1699 1701 1702 1704 1707 1709 1712 1715 1718
1247 1253 1257 1261 1265 1268 1270 1271 1272 1273 1273 1275 1278 1282 1288 1296 1305 1315 1325 1335 1345 1354 1362 1371 1379 1387 1394 1403 1411 1421 1432 1443 1454 1466 1478 1491 1503 1516 1528 1540 1551 1562 1573 1582 1590 1597 1601 1604 1605 1606 1606 1607 1609 1613 1618 1623 1630 1636 1643 1649 1655 1660 1664 1668 1671 1674 1676 1679 1682 1684 1686 1688 1690 1691 1693 1695 1697 1699 1702 1705 1707 1710
1227 1230 1234 1237 1241 1245 1249 1253 1257 1261 1265 1268 1273 1278 1284 1291 1299 1308 1317 1325 1334 1343 1352 1360 1369 1378 1387 1396 1406 1416 1428 1440 1453 1467 1480 1493 1506 1518 1528 1538 1547 1556 1564 1571 1578 1584 1589 1593 1596 1598 1600 1602 1605 1609 1614 1619 1625 1631 1638 1643 1649 1654 1658 1661 1664 1667 1669 1672 1674 1677 1679 1681 1683 1685 1687 1688 1690 1693 1695 1698 1700 1703
1206 1208 1210 1213 1217 1223 1229 1236 1244 1250 1257 1263 1269 1275 1282 1288 1295 1302 1309 1317 1324 1333 1342 1351 1360 1370 1380 1390 1400 1412 1424 1437 1451 1465 1479 1493 1505 1516 1526 1533 1541 1547 1554 1560 1567 1573 1578 1583 1587 1591 1594 1598 1601 1606 1610 1615 1621 1627 1632 1638 1643 1647 1651 1655 1658 1661 1663 1665 1668 1670 1672 1675 1677 1679 1681 1683 1685 1687 1689 1691 1694 1697
1184 1185 1187 1190 1195 1202 1211 1221 1231 1242 1251 1260 1267 1274 1281 1287 1292 1297 1303 1309 1316 1324 1333 1342 1353 1363 1373 1384 1395 1407 1420 1432 1446 1460 1473 1487 1499 1510 1518 1525 1532 1538 1544 1550 1556 1562 1568 1574 1579 1584 1588 1593 1597 1601 1606 1611 1617 1622 1627 1632 1637 1642 1646 1649 1652 1655 1657 1660 1662 1665 1667 1669 1672 1674 1676 1678 1680 1682 1684 1686 1688 1690
1162 1163 1165 1169 1175 1183 1195 1207 1221 1234 1246 1257 1266 1274 1281 1286 1290 1294 1298 1302 1308 1316 1325 1335 1346 1357 1368 1380 1391 1403 1415 1427 1439 1451 1464 1476 1488 1498 1506 1514 1521 1527 1534 1541 1547 1553 1560 1566 1572 1577 1582 1587 1591 1596 1601 1606 1612 1617 1622 1627 1632 1636 1640 1644 1647 1650 1653 1655 1658 1660 1663 1665 1667 1670 1672 1674 1676 1677 1679 1681 1683 1685
1141 1142 1144 1149 1156 1166 1180 1195 1211 1227 1242 1255 1266 1274 1281 1286 1289 1292 1294 1297 1302 1309 1318 1329 1341 1352 1364 1376 1388 1399 1409 1420 1430 1440 1451 1462 1472 1482 1491 1499 1508 1516 1524 1532 1540 1547 1553 1559 1565 1570 1575 1580 1585 1590 1595 1600 1606 1612 1617 1622 1627 1631 1636 1639 1643 1646 1649 1651 1654 1657 1659 1662 1664 1666 1668 1670 1672 1674 1675 1677 1678 1680
1120 1122 1125 1130 1138 1151 1166 1184 1203 1222 1240 1255 1266 1276 1283 1287 1289 1290 1291 1293 1297 1303 1312 1324 1336 1348 1361 1373 1384 1395 1404 1412 1420 1428 1436 1445 1454 1464 1473 1484 1494 1504 1515 1524 1533 1541 1548 1554 1559 1564 1569 1573 1578 1583 1588 1594 1600 1606 1612 1617 1622 1627 1631 1635 1639 1642 1645 1648 1651 1653 1656 1659 1661 1663 1665 1667 1669 1671 1672 1673 1674 1676
1101 1103 1106 1112 1122 1136 1154 1174 1196 1218 1238 1255 1268 1278 1286 1289 1290 1290 1289 1289 1292 1298 1307 1319 1332 1345 1358 1370 1381 1391 1398 1404 1410 1416 1422 1429 1437 1447 1457 1469 1481 1494 1506 1517 1527 1536 1543 1549 1553 1558 1562 1566 1570 1575 1581 1587 1594 1601 1607 1613 1618 1623 1627 1632 1635 1638 1642 1644 1647 1650 1653 1655 1658 1660 1662 1664 1666 1667 1668 1669 1670 1672
1084 1085 1089 1095 1106 1122 1142 1165 1190 1215 1238 1257 1272 1282 1289 1292 1292 1290 1288 1287 1288 1294 1303 1315 1328 1342 1355 1368 1379 1387 1393 1398 1402 1405 1410 1415 1423 1432 1443 1456 1470 1484 1498 1511 1522 1532 1538 1544 1548 1552 1555 1558 1562 1567 1574 1580 1588 1595 1602 1608 1614 1619 1624 1628 1631 1635 1638 1641 1643 1646 1649 1652 1654 1656 1659 1661 1662 1664 1665 1666 1666 1667
