raw_predictors/buf_land_ENVS/X5m_mean_00s_bio1.asc
NCOLS 685 
NROWS 631 
XLLCORNER -91.732961667 
YLLCORNER -37.473667521 
CELLSIZE 0.08331 
NODATA_value -9999 
[rows 117 to 155 of 631, columns 440 to 527 of 685]
266 266 265 265 264 263 262 262 262 261 261 261 261 262 262 262 262 263 263 264 265 266 268 269 270 271 272 272 273 -9999 -9999 -9999 -9999 -9999 -9999 -9999 -9999 -9999 -9999 -9999 -9999 -9999 -9999 -9999 -9999 -9999 -9999 -9999 -9999 -9999 -9999 -9999 -9999 -9999 -9999 -9999 -9999 -9999 -9999 -9999 -9999 -9999 -9999 -9999 -9999 -9999 -9999 -9999 -9999 -9999 -9999 -9999 -9999 -9999 -9999 -9999 -9999 -9999 -9999 -9999 -9999 -9999 -9999 -9999 -9999 -9999 -9999 -9999
265 265 265 264 263 263 262 262 261 261 261 261 261 261 261 261 261 261 262 262 263 264 265 266 266 267 268 269 270 272 -9999 -9999 -9999 -9999 -9999 -9999 -9999 -9999 -9999 -9999 -9999 -9999 -9999 -9999 -9999 -9999 -9999 -9999 -9999 -9999 -9999 -9999 -9999 -9999 -9999 -9999 -9999 -9999 -9999 -9999 -9999 -9999 -9999 -9999 -9999 -9999 -9999 -9999 -9999 -9999 -9999 -9999 -9999 -9999 -9999 -9999 -9999 -9999 -9999 -9999 -9999 -9999 -9999 -9999 -9999 -9999 -9999 -9999
265 265 264 264 263 263 262 262 262 261 261 261 260 260 260 260 260 260 260 261 261 261 262 263 263 264 265 266 268 269 270 -9999 -9999 -9999 -9999 -9999 -9999 -9999 -9999 -9999 -9999 -9999 -9999 -9999 -9999 -9999 -9999 -9999 -9999 -9999 -9999 -9999 -9999 -9999 -9999 -9999 -9999 -9999 -9999 -9999 -9999 -9999 -9999 -9999 -9999 -9999 -9999 -9999 -9999 -9999 -9999 -9999 -9999 -9999 -9999 -9999 -9999 -9999 -9999 -9999 -9999 -9999 -9999 -9999 -9999 -9999 -9999 -9999
264 264 264 264 263 263 262 262 262 261 261 261 260 260 259 259 259 259 259 259 259 259 260 260 261 261 262 264 265 266 268 269 270 -9999 -9999 -9999 -9999 -9999 -9999 -9999 -9999 -9999 -9999 -9999 -9999 -9999 -9999 -9999 -9999 -9999 -9999 -9999 -9999 -9999 -9999 -9999 -9999 -9999 -9999 -9999 -9999 -9999 -9999 -9999 -9999 -9999 -9999 -9999 -9999 -9999 -9999 -9999 -9999 -9999 -9999 -9999 -9999 -9999 -9999 -9999 -9999 -9999 -9999 -9999 -9999 -9999 -9999 -9999
264 264 264 264 263 263 262 262 262 261 261 260 260 259 259 259 259 258 258 258 258 258 258 258 259 259 260 262 263 264 266 267 268 270 271 -9999 -9999 -9999 -9999 -9999 -9999 -9999 -9999 -9999 -9999 -9999 -9999 -9999 -9999 -9999 -9999 -9999 -9999 -9999 -9999 -9999 -9999 -9999 -9999 -9999 -9999 -9999 -9999 -9999 -9999 -9999 -9999 -9999 -9999 -9999 -9999 -9999 -9999 -9999 -9999 -9999 -9999 -9999 -9999 -9999 -9999 -9999 -9999 -9999 -9999 -9999 -9999 -9999
264 264 264 264 263 263 262 262 262 261 261 260 260 259 259 259 258 258 258 257 257 257 257 257 257 258 259 260 261 262 264 265 266 268 269 270 -9999 -9999 -9999 -9999 -9999 -9999 -9999 -9999 -9999 -9999 -9999 -9999 -9999 -9999 -9999 -9999 -9999 -9999 -9999 -9999 -9999 -9999 -9999 -9999 -9999 -9999 -9999 -9999 -9999 -9999 -9999 -9999 -9999 -9999 -9999 -9999 -9999 -9999 -9999 -9999 -9999 -9999 -9999 -9999 -9999 -9999 -9999 -9999 -9999 -9999 -9999 -9999
264 264 264 264 263 263 262 262 261 261 260 260 259 259 259 258 258 258 258 257 257 257 257 257 257 257 258 259 260 261 262 263 265 266 267 268 270 -9999 -9999 -9999 -9999 -9999 -9999 -9999 -9999 -9999 -9999 -9999 -9999 -9999 -9999 -9999 -9999 -9999 -9999 -9999 -9999 -9999 -9999 -9999 -9999 -9999 -9999 -9999 -9999 -9999 -9999 -9999 -9999 -9999 -9999 -9999 -9999 -9999 -9999 -9999 -9999 -9999 -9999 -9999 -9999 -9999 -9999 -9999 -9999 -9999 -9999 -9999
264 264 264 263 263 262 262 261 261 260 260 260 259 259 259 259 258 258 258 257 257 257 257 257 257 257 258 259 259 260 261 262 263 264 266 267 268 270 271 272 -9999 -9999 -9999 -9999 -9999 -9999 -9999 -9999 -9999 -9999 -9999 -9999 -9999 -9999 -9999 -9999 -9999 -9999 -9999 -9999 -9999 -9999 -9999 -9999 -9999 -9999 -9999 -9999 -9999 -9999 -9999 -9999 -9999 -9999 -9999 -9999 -9999 -9999 -9999 -9999 -9999 -9999 -9999 -9999 -9999 -9999 -9999 -9999
264 264 264 263 263 262 261 261 260 260 260 259 259 259 259 259 259 258 258 258 258 257 257 257 258 258 258 259 259 260 260 261 262 263 264 265 267 268 270 271 272 -9999 -9999 -9999 -9999 -9999 -9999 -9999 -9999 -9999 -9999 -9999 -9999 -9999 -9999 -9999 -9999 -9999 -9999 -9999 -9999 -9999 -9999 -9999 -9999 -9999 -9999 -9999 -9999 -9999 -9999 -9999 -9999 -9999 -9999 -9999 -9999 -9999 -9999 -9999 -9999 -9999 -9999 -9999 -9999 -9999 -9999 -9999
263 263 263 263 262 262 261 260 260 259 259 259 259 259 259 259 259 259 258 258 258 258 258 258 258 258 258 259 259 259 259 260 261 262 263 264 266 267 268 270 271 -9999 -9999 -9999 -9999 -9999 -9999 -9999 -9999 -9999 -9999 -9999 -9999 -9999 -9999 -9999 -9999 -9999 -9999 -9999 -9999 -9999 -9999 -9999 -9999 -9999 -9999 -9999 -9999 -9999 -9999 -9999 -9999 -9999 -9999 -9999 -9999 -9999 -9999 -9999 -9999 -9999 -9999 -9999 -9999 -9999 -9999 -9999
263 263 263 262 262 261 260 260 259 259 259 259 259 259 259 259 259 259 259 258 258 258 258 258 258 258 258 258 259 259 259 259 260 261 262 263 264 266 267 268 269 -9999 272 -9999 -9999 -9999 -9999 -9999 -9999 -9999 -9999 -9999 -9999 -9999 -9999 -9999 -9999 -9999 -9999 -9999 -9999 -9999 -9999 -9999 -9999 -9999 -9999 -9999 -9999 -9999 -9999 -9999 -9999 -9999 -9999 -9999 -9999 -9999 -9999 -9999 -9999 -9999 -9999 -9999 -9999 -9999 -9999 -9999
262 262 262 262 261 261 260 260 259 259 259 259 259 259 259 259 259 259 259 259 259 258 258 258 258 258 258 258 258 258 259 259 259 260 261 262 263 264 265 267 268 269 270 272 -9999 -9999 -9999 -9999 -9999 -9999 -9999 -9999 -9999 -9999 -9999 -9999 -9999 -9999 -9999 -9999 -9999 -9999 -9999 -9999 -9999 -9999 -9999 -9999 -9999 -9999 -9999 -9999 -9999 -9999 -9999 -9999 -9999 -9999 -9999 -9999 -9999 -9999 -9999 -9999 -9999 -9999 -9999 -9999
261 261 261 261 260 260 260 259 259 259 259 259 259 259 259 259 259 259 259 258 258 258 258 258 258 258 258 258 258 258 258 258 259 259 260 261 262 263 264 265 266 267 269 270 272 273 -9999 -9999 -9999 -9999 -9999 -9999 -9999 -9999 -9999 -9999 -9999 -9999 -9999 -9999 -9999 -9999 -9999 -9999 -9999 -9999 -9999 -9999 -9999 -9999 -9999 -9999 -9999 -9999 -9999 -9999 -9999 -9999 -9999 -9999 -9999 -9999 -9999 -9999 -9999 -9999 -9999 -9999
260 260 260 260 260 259 259 259 259 259 259 258 258 258 258 258 258 258 258 258 258 258 258 258 258 258 258 258 258 258 258 258 259 259 260 260 261 262 262 263 264 265 267 268 270 271 273 -9999 -9999 -9999 -9999 -9999 -9999 -9999 -9999 -9999 -9999 -9999 -9999 -9999 -9999 -9999 -9999 -9999 -9999 -9999 -9999 -9999 -9999 -9999 -9999 -9999 -9999 -9999 -9999 -9999 -9999 -9999 -9999 -9999 -9999 -9999 -9999 -9999 -9999 -9999 -9999 -9999
259 259 259 259 259 259 259 259 258 258 258 258 258 258 258 258 258 258 258 258 258 258 258 257 257 257 257 257 258 258 258 258 258 259 259 259 260 260 261 262 263 264 265 267 268 270 271 -9999 -9999 -9999 -9999 -9999 -9999 -9999 -9999 -9999 -9999 -9999 -9999 -9999 -9999 -9999 -9999 -9999 -9999 -9999 -9999 -9999 -9999 -9999 -9999 -9999 -9999 -9999 -9999 -9999 -9999 -9999 -9999 -9999 -9999 -9999 -9999 -9999 -9999 -9999 -9999 -9999
257 258 258 258 258 258 258 258 258 258 258 258 258 258 258 258 258 258 258 258 257 257 257 257 257 257 257 257 257 257 258 258 258 258 259 259 259 259 260 260 261 262 263 265 267 268 270 272 -9999 -9999 -9999 -9999 -9999 -9999 -9999 -9999 -9999 -9999 -9999 -9999 -9999 -9999 -9999 -9999 -9999 -9999 -9999 -9999 -9999 -9999 -9999 -9999 -9999 -9999 -9999 -9999 -9999 -9999 -9999 -9999 -9999 -9999 -9999 -9999 -9999 -9999 -9999 -9999
257 257 257 257 258 258 258 258 258 258 258 258 258 258 258 258 258 258 257 257 257 257 257 257 256 256 257 257 257 257 257 258 258 258 258 258 258 259 259 259 260 261 262 264 265 267 269 270 272 -9999 -9999 -9999 -9999 -9999 -9999 -9999 -9999 -9999 -9999 -9999 -9999 -9999 -9999 -9999 -9999 -9999 -9999 -9999 -9999 -9999 -9999 -9999 -9999 -9999 -9999 -9999 -9999 -9999 -9999 -9999 -9999 -9999 -9999 -9999 -9999 -9999 -9999 -9999
256 256 257 257 257 257 257 257 258 258 258 258 258 258 258 258 257 257 257 257 257 257 256 256 256 256 256 256 257 257 257 257 258 258 258 258 258 258 258 259 259 260 261 263 264 266 267 269 270 -9999 -9999 -9999 -9999 -9999 -9999 -9999 -9999 -9999 -9999 -9999 -9999 -9999 -9999 -9999 -9999 -9999 -9999 -9999 -9999 -9999 -9999 -9999 -9999 -9999 -9999 -9999 -9999 -9999 -9999 -9999 -9999 -9999 -9999 -9999 -9999 -9999 -9999 -9999
256 256 256 256 257 257 257 257 257 257 257 257 257 257 257 257 257 257 257 257 256 256 256 256 256 256 256 256 256 256 257 257 257 257 257 257 257 258 258 258 259 259 260 262 263 265 266 268 269 -9999 -9999 -9999 -9999 -9999 -9999 -9999 -9999 -9999 -9999 -9999 -9999 -9999 -9999 -9999 -9999 -9999 -9999 -9999 -9999 -9999 -9999 -9999 -9999 -9999 -9999 -9999 -9999 -9999 -9999 -9999 -9999 -9999 -9999 -9999 -9999 -9999 -9999 -9999
255 256 256 256 256 256 256 257 257 257 257 257 257 257 257 257 257 257 257 257 256 256 256 255 255 255 255 255 256 256 256 256 257 257 257 257 257 257 257 258 258 259 260 261 262 264 265 266 268 -9999 -9999 -9999 -9999 -9999 -9999 -9999 -9999 -9999 -9999 -9999 -9999 -9999 -9999 -9999 -9999 -9999 -9999 -9999 -9999 -9999 -9999 -9999 -9999 -9999 -9999 -9999 -9999 -9999 -9999 -9999 -9999 -9999 -9999 -9999 -9999 -9999 -9999 -9999
255 255 256 256 256 256 256 256 256 256 256 256 257 257 257 257 257 257 257 256 256 256 255 255 255 255 255 255 255 255 256 256 256 256 256 257 257 257 257 258 258 259 259 260 262 263 264 265 267 -9999 -9999 -9999 -9999 -9999 -9999 -9999 -9999 -9999 -9999 -9999 -9999 -9999 -9999 -9999 -9999 -9999 -9999 -9999 -9999 -9999 -9999 -9999 -9999 -9999 -9999 -9999 -9999 -9999 -9999 -9999 -9999 -9999 -9999 -9999 -9999 -9999 -9999 -9999
255 255 255 255 255 255 255 255 256 256 256 256 256 256 257 257 257 257 257 256 256 255 255 255 254 254 254 254 255 255 255 255 256 256 256 256 257 257 257 258 258 259 259 260 261 262 263 264 265 -9999 -9999 -9999 -9999 -9999 -9999 -9999 -9999 -9999 -9999 -9999 -9999 -9999 -9999 -9999 -9999 -9999 -9999 -9999 -9999 -9999 -9999 -9999 -9999 -9999 -9999 -9999 -9999 -9999 -9999 -9999 -9999 -9999 -9999 -9999 -9999 -9999 -9999 -9999
254 255 255 255 255 255 255 255 255 255 255 256 256 256 257 257 257 257 257 256 256 255 255 254 254 254 254 254 254 254 255 255 255 255 256 256 256 257 257 257 258 258 259 259 260 261 262 263 264 -9999 -9999 -9999 -9999 -9999 -9999 -9999 -9999 -9999 -9999 -9999 -9999 -9999 -9999 -9999 -9999 -9999 -9999 -9999 -9999 -9999 -9999 -9999 -9999 -9999 -9999 -9999 -9999 -9999 -9999 -9999 -9999 -9999 -9999 -9999 -9999 -9999 -9999 -9999
254 254 254 254 254 254 254 254 254 254 255 255 255 256 256 257 257 257 257 256 256 255 254 254 254 253 253 253 254 254 254 255 255 255 256 256 256 257 257 257 258 258 259 259 259 260 261 262 263 -9999 -9999 -9999 -9999 -9999 -9999 -9999 -9999 -9999 -9999 -9999 -9999 -9999 -9999 -9999 -9999 -9999 -9999 -9999 -9999 -9999 -9999 -9999 -9999 -9999 -9999 -9999 -9999 -9999 -9999 -9999 -9999 -9999 -9999 -9999 -9999 -9999 -9999 -9999
253 254 254 254 254 254 253 254 254 254 254 255 255 256 256 257 257 257 257 256 255 255 254 254 253 253 253 253 253 254 254 254 255 255 255 256 256 257 257 257 258 258 258 258 259 259 260 261 262 -9999 -9999 -9999 -9999 -9999 -9999 -9999 -9999 -9999 -9999 -9999 -9999 -9999 -9999 -9999 -9999 -9999 -9999 -9999 -9999 -9999 -9999 -9999 -9999 -9999 -9999 -9999 -9999 -9999 -9999 -9999 -9999 -9999 -9999 -9999 -9999 -9999 -9999 -9999
253 253 253 253 253 253 253 253 253 253 254 254 255 255 256 257 257 257 257 256 255 255 254 253 253 253 253 253 253 253 254 254 255 255 255 256 256 256 257 257 257 258 258 258 258 258 259 260 261 263 -9999 -9999 -9999 -9999 -9999 -9999 -9999 -9999 -9999 -9999 -9999 -9999 -9999 -9999 -9999 -9999 -9999 -9999 -9999 -9999 -9999 -9999 -9999 -9999 -9999 -9999 -9999 -9999 -9999 -9999 -9999 -9999 -9999 -9999 -9999 -9999 -9999 -9999
252 252 252 252 252 252 252 252 252 253 253 254 254 255 256 257 257 257 257 256 255 254 254 253 252 252 252 253 253 253 254 254 255 255 255 256 256 256 257 257 257 257 257 257 258 258 258 259 260 262 -9999 -9999 -9999 -9999 -9999 -9999 -9999 -9999 -9999 -9999 -9999 -9999 -9999 -9999 -9999 -9999 -9999 -9999 -9999 -9999 -9999 -9999 -9999 -9999 -9999 -9999 -9999 -9999 -9999 -9999 -9999 -9999 -9999 -9999 -9999 -9999 -9999 -9999
251 252 252 252 252 251 251 251 252 252 253 253 254 255 256 256 257 257 257 256 255 254 253 253 252 252 252 252 253 253 254 254 255 255 255 256 256 256 257 257 257 257 257 257 257 257 257 258 259 261 -9999 -9999 -9999 -9999 -9999 -9999 -9999 -9999 -9999 -9999 -9999 -9999 -9999 -9999 -9999 -9999 -9999 -9999 -9999 -9999 -9999 -9999 -9999 -9999 -9999 -9999 -9999 -9999 -9999 -9999 -9999 -9999 -9999 -9999 -9999 -9999 -9999 -9999
251 251 251 251 251 251 251 251 251 251 252 253 254 254 255 256 257 257 256 256 255 254 253 253 252 252 252 252 253 253 254 254 255 255 255 256 256 256 256 257 257 257 257 256 256 256 257 257 259 261 264 -9999 -9999 -9999 -9999 -9999 -9999 -9999 -9999 -9999 -9999 -9999 -9999 -9999 -9999 -9999 -9999 -9999 -9999 -9999 -9999 -9999 -9999 -9999 -9999 -9999 -9999 -9999 -9999 -9999 -9999 -9999 -9999 -9999 -9999 -9999 -9999 -9999
250 250 250 250 250 250 250 250 250 251 251 252 253 254 255 256 256 256 256 256 255 254 253 253 252 252 252 253 253 254 254 255 255 255 255 256 256 256 256 256 256 256 256 256 256 256 256 257 258 260 263 -9999 -9999 -9999 -9999 -9999 -9999 -9999 -9999 -9999 -9999 -9999 -9999 -9999 -9999 -9999 -9999 -9999 -9999 -9999 -9999 -9999 -9999 -9999 -9999 -9999 -9999 -9999 -9999 -9999 -9999 -9999 -9999 -9999 -9999 -9999 -9999 -9999
250 250 250 250 250 249 249 250 250 250 251 252 253 253 254 255 256 256 256 255 255 254 253 253 252 252 253 253 253 254 254 255 255 255 255 256 256 256 256 256 256 255 255 255 255 255 256 257 258 260 263 266 -9999 -9999 -9999 -9999 -9999 -9999 -9999 -9999 -9999 -9999 -9999 -9999 -9999 -9999 -9999 -9999 -9999 -9999 -9999 -9999 -9999 -9999 -9999 -9999 -9999 -9999 -9999 -9999 -9999 -9999 -9999 -9999 -9999 -9999 -9999 -9999
249 249 249 249 249 249 249 249 249 250 250 251 252 253 254 255 255 256 256 255 255 254 254 253 253 253 253 253 254 254 255 255 255 255 256 255 255 255 255 255 255 255 255 255 255 255 255 256 258 260 263 266 -9999 -9999 -9999 -9999 -9999 -9999 -9999 -9999 -9999 -9999 -9999 -9999 -9999 -9999 -9999 -9999 -9999 -9999 -9999 -9999 -9999 -9999 -9999 -9999 -9999 -9999 -9999 -9999 -9999 -9999 -9999 -9999 -9999 -9999 -9999 -9999
249 249 249 249 249 249 249 249 249 249 250 251 252 252 253 254 255 255 255 255 255 254 254 253 253 253 253 254 254 254 255 255 255 256 255 255 255 255 255 255 254 254 254 254 254 254 255 256 257 260 262 266 -9999 -9999 -9999 -9999 -9999 -9999 -9999 -9999 -9999 -9999 -9999 -9999 -9999 -9999 -9999 -9999 -9999 -9999 -9999 -9999 -9999 -9999 -9999 -9999 -9999 -9999 -9999 -9999 -9999 -9999 -9999 -9999 -9999 -9999 -9999 -9999
249 249 249 248 248 248 248 248 249 249 250 250 251 252 253 254 254 255 255 255 254 254 254 253 253 253 253 254 254 255 255 255 255 255 255 255 255 255 254 254 254 254 253 254 254 254 255 256 257 259 262 266 269 -9999 -9999 -9999 -9999 -9999 -9999 -9999 -9999 -9999 -9999 -9999 -9999 -9999 -9999 -9999 -9999 -9999 -9999 -9999 -9999 -9999 -9999 -9999 -9999 -9999 -9999 -9999 -9999 -9999 -9999 -9999 -9999 -9999 -9999 -9999
249 249 249 248 248 248 248 248 249 249 250 250 251 252 253 253 254 255 255 255 254 254 254 254 253 253 254 254 254 254 255 255 255 255 255 255 254 254 254 254 253 253 253 253 253 254 255 256 257 259 262 265 269 -9999 -9999 -9999 -9999 -9999 -9999 -9999 -9999 -9999 -9999 -9999 -9999 -9999 -9999 -9999 -9999 -9999 -9999 -9999 -9999 -9999 -9999 -9999 -9999 -9999 -9999 -9999 -9999 -9999 -9999 -9999 -9999 -9999 -9999 -9999
249 249 249 248 248 248 248 248 249 249 250 250 251 252 253 253 254 254 254 254 254 254 254 254 253 253 253 254 254 254 254 254 254 254 254 254 254 254 253 253 253 253 253 253 253 254 254 255 257 259 262 265 268 -9999 -9999 -9999 -9999 -9999 -9999 -9999 -9999 -9999 -9999 -9999 -9999 -9999 -9999 -9999 -9999 -9999 -9999 -9999 -9999 -9999 -9999 -9999 -9999 -9999 -9999 -9999 -9999 -9999 -9999 -9999 -9999 -9999 -9999 -9999
249 249 249 249 249 249 249 249 249 249 250 250 251 252 253 253 254 254 254 254 254 254 254 254 253 253 253 253 253 254 254 254 254 254 253 253 253 253 253 253 253 253 253 253 253 254 254 255 257 259 262 265 268 -9999 -9999 277 -9999 -9999 -9999 -9999 -9999 -9999 -9999 -9999 -9999 -9999 -9999 -9999 -9999 -9999 -9999 -9999 -9999 -9999 -9999 -9999 -9999 -9999 -9999 -9999 -9999 -9999 -9999 -9999 -9999 -9999 -9999 -9999
250 249 249 249 249 249 249 249 249 250 250 251 251 252 253 253 254 254 254 254 254 254 254 253 253 253 253 253 253 253 253 253 253 253 253 252 252 252 253 253 253 253 253 253 253 254 254 255 257 259 261 265 268 271 274 276 278 -9999 -9999 -9999 -9999 -9999 -9999 -9999 -9999 -9999 -9999 -9999 -9999 -9999 -9999 -9999 -9999 -9999 -9999 -9999 -9999 -9999 -9999 -9999 -9999 -9999 -9999 -9999 -9999 -9999 -9999 -9999
250 250 250 249 249 249 250 250 250 250 250 251 251 252 253 253 254 254 254 254 254 254 254 253 253 253 253 252 252 252 252 252 252 252 252 252 252 252 252 252 253 253 253 253 253 254 254 255 257 259 261 264 267 271 273 276 278 279 -9999 -9999 -9999 -9999 -9999 -9999 -9999 -9999 -9999 -9999 -9999 -9999 -9999 -9999 -9999 -9999 -9999 -9999 -9999 -9999 -9999 -9999 -9999 -9999 -9999 -9999 -9999 -9999 -9999 -9999
