raw_predictors/buf_land_ENVS/X5m_mean_00s_bio7.asc
NCOLS 685 
NROWS 631 
XLLCORNER -91.732961667 
YLLCORNER -37.473667521 
CELLSIZE 0.08331 
NODATA_value -9999 
[rows 273 to 311 of 631, columns 528 to 615 of 685]
213 213 214 215 216 218 219 221 222 222 222 222 222 222 221 221 221 221 221 221 221 222 222 222 222 222 221 221 220 220 220 219 219 219 219 219 218 218 218 218 218 218 218 218 218 218 218 218 217 217 218 218 218 218 219 219 219 219 219 219 218 218 218 218 218 218 219 220 221 222 224 225 226 227 228 228 229 229 230 230 231 231 232 233 233 234 234 235
214 214 215 216 218 219 221 222 223 223 224 223 223 223 222 222 222 222 222 222 223 223 223 224 224 224 223 223 223 222 222 221 221 221 221 221 221 220 220 220 220 220 220 220 219 219 219 218 218 218 218 219 219 219 220 220 220 220 219 218 218 217 216 216 215 216 217 218 220 221 223 225 226 227 228 229 230 230 231 231 232 232 233 234 234 235 235 236
216 216 216 218 219 220 222 223 224 224 224 224 224 224 223 223 223 223 223 224 224 225 225 225 225 225 225 225 224 224 224 224 223 223 223 223 223 222 222 222 222 221 221 221 220 220 219 219 219 219 219 219 220 220 220 221 221 220 219 218 217 216 214 214 213 214 215 217 219 221 223 225 226 228 229 230 231 231 232 232 233 233 234 235 235 236 236 236
217 217 218 219 220 222 223 224 225 225 225 225 225 225 224 224 224 224 224 225 225 226 226 226 226 226 226 226 226 226 225 225 225 225 225 224 224 224 224 223 223 223 222 222 221 221 220 219 219 219 219 220 220 221 221 221 221 221 219 218 217 215 214 213 213 213 214 216 218 221 223 225 227 229 230 231 232 232 233 234 234 235 235 236 236 237 237 238
218 218 219 220 221 223 224 224 225 226 226 226 226 225 225 225 225 225 226 226 226 227 227 227 227 227 227 227 227 227 227 227 226 226 226 226 226 225 225 225 224 224 223 223 222 221 221 220 219 219 220 220 220 221 221 222 221 221 220 218 217 215 214 213 213 213 215 216 219 221 224 226 228 230 231 232 233 234 234 235 235 236 236 237 237 238 238 239
219 220 221 222 223 223 224 225 225 226 226 226 226 226 226 226 226 226 227 227 227 227 228 228 228 228 228 228 228 227 227 227 227 227 227 227 227 226 226 226 225 225 224 224 223 222 221 221 220 220 220 220 221 221 222 222 222 221 220 219 218 216 215 214 214 215 216 218 220 223 225 227 229 231 232 233 234 235 235 236 236 237 238 238 239 239 239 240
220 221 222 223 224 224 225 225 225 226 226 226 227 227 227 227 227 227 228 228 228 228 228 228 228 228 228 228 228 228 228 228 228 228 228 227 227 227 227 227 226 226 225 225 224 223 222 222 221 221 221 221 221 222 222 222 222 221 221 220 219 218 217 217 217 217 219 220 222 224 226 228 230 232 233 234 235 235 236 237 237 238 238 239 240 240 240 241
222 222 223 224 225 225 225 225 225 226 226 226 227 227 228 228 228 228 228 228 229 229 229 229 228 228 228 228 228 228 228 228 228 228 228 228 228 228 228 227 227 227 226 226 225 224 223 223 222 222 222 222 222 222 222 222 222 222 221 221 220 220 219 219 220 221 222 223 225 226 228 230 231 233 234 235 235 236 237 237 238 239 239 240 240 241 241 242
223 224 225 225 225 225 225 225 225 226 226 227 227 228 228 229 229 229 229 229 229 229 229 229 229 229 229 228 228 228 228 228 228 228 228 228 228 228 228 228 228 228 227 226 226 225 224 224 223 223 222 222 222 222 222 222 222 222 222 222 222 222 222 222 223 224 225 226 227 229 230 231 232 234 234 235 236 237 238 238 239 239 240 241 241 242 242 243
224 225 226 226 226 226 225 225 225 225 226 226 227 228 229 229 230 230 230 230 230 230 229 229 229 229 229 229 229 229 229 229 229 229 229 229 229 229 229 229 228 228 228 227 226 226 225 224 224 224 223 223 223 223 223 223 223 223 223 223 223 224 224 225 225 226 227 228 229 230 232 233 234 234 235 236 237 238 238 239 240 240 241 241 242 243 243 244
224 226 226 226 226 226 225 225 225 225 226 226 227 228 229 230 230 230 230 230 230 230 230 230 230 230 230 229 229 229 229 229 229 229 229 229 229 229 229 229 229 229 228 228 227 226 226 225 225 224 224 224 223 223 223 223 224 224 224 224 225 225 226 227 227 228 229 230 231 232 233 234 235 235 236 237 238 239 239 240 241 241 242 242 243 243 244 244
225 226 227 227 226 226 225 225 225 225 226 226 227 228 229 230 230 231 231 231 231 231 231 231 231 230 230 230 230 230 230 230 229 229 229 229 229 229 229 229 229 229 228 228 227 227 226 226 225 225 224 224 224 224 224 224 224 225 225 225 226 226 227 228 229 230 231 232 232 233 234 235 236 236 237 238 239 240 240 241 242 242 243 243 244 244 244 244
226 226 227 227 227 226 226 225 225 225 226 226 227 228 229 230 230 231 231 231 231 231 231 231 231 231 231 231 231 231 230 230 230 230 230 230 230 230 230 229 229 229 229 228 228 227 227 226 226 225 225 225 225 225 225 225 225 226 226 226 227 227 228 229 230 231 232 232 233 234 235 236 236 237 238 239 240 240 241 242 243 243 244 244 244 244 244 245
226 227 227 227 227 226 226 225 225 225 226 226 227 228 229 230 230 231 231 232 232 232 232 232 232 232 232 232 232 231 231 231 231 230 230 230 230 230 230 230 229 229 229 228 228 227 227 226 226 226 225 225 225 225 226 226 226 227 227 227 228 228 229 229 230 231 232 233 234 234 235 236 237 237 238 239 239 240 241 242 243 243 244 244 244 244 244 244
227 228 228 227 227 227 226 225 225 225 226 226 227 228 229 230 230 231 231 232 232 232 233 233 233 233 233 233 233 232 232 231 231 231 231 231 230 230 230 230 229 229 229 228 228 228 227 227 227 226 226 226 226 226 226 227 227 227 227 228 228 228 229 229 230 230 231 232 233 234 234 235 236 236 237 237 238 239 239 240 241 242 243 243 243 243 243 243
228 229 229 228 228 227 227 226 226 226 226 226 227 228 229 229 230 231 231 232 232 233 233 233 234 234 234 233 233 233 232 232 232 231 231 231 231 230 230 230 230 229 229 229 228 228 228 227 227 227 227 226 226 227 227 227 227 227 227 227 228 228 228 228 229 229 230 231 231 232 233 233 233 234 234 234 235 235 236 237 238 239 240 240 241 241 241 242
230 230 230 230 229 228 228 227 226 226 226 227 227 228 229 229 230 230 231 231 232 233 233 234 234 234 234 234 234 233 233 232 232 232 232 231 231 231 230 230 230 230 229 229 229 229 228 228 228 228 227 227 227 227 227 227 227 227 227 227 227 227 227 227 228 228 228 228 229 229 229 230 230 230 230 230 230 230 231 232 233 234 235 236 237 238 239 240
233 233 232 232 231 230 229 228 228 227 227 228 228 228 229 229 230 230 231 231 232 232 233 234 234 234 234 234 234 234 233 233 233 232 232 232 231 231 231 230 230 230 230 230 230 229 229 229 229 228 228 228 227 227 227 227 226 226 226 226 226 226 226 226 226 226 225 225 225 225 225 225 225 225 224 224 224 224 224 225 226 227 229 230 232 234 236 238
236 235 235 234 233 232 231 230 229 228 228 228 229 229 229 229 230 230 231 231 232 232 233 233 234 234 234 234 234 234 234 233 233 233 232 232 232 232 231 231 231 231 230 230 230 230 230 230 230 229 229 228 228 227 227 226 226 225 225 225 224 224 224 224 223 223 222 222 221 221 221 220 220 219 218 217 217 216 216 217 218 220 221 224 226 229 232 235
238 238 237 236 235 234 232 231 230 230 229 229 229 230 230 230 230 230 231 231 232 232 233 233 234 234 234 234 234 234 234 234 233 233 233 233 232 232 232 232 231 231 231 231 231 231 231 231 231 230 230 229 228 227 226 226 225 224 224 223 223 223 222 222 221 220 219 218 217 216 216 215 214 213 212 211 210 209 209 210 211 212 215 218 221 225 229 233
241 241 240 238 237 236 234 233 232 231 230 230 230 230 230 230 230 231 231 231 232 232 233 233 234 234 234 234 234 234 234 234 234 233 233 233 233 233 232 232 232 232 232 232 232 232 232 232 232 231 230 230 229 227 226 225 224 223 222 222 221 221 220 220 219 217 216 215 213 212 211 211 210 208 207 206 205 204 204 204 205 207 210 214 218 222 227 231
243 243 242 240 239 237 236 234 233 232 232 231 231 231 231 231 231 231 231 232 232 233 233 233 234 234 234 234 234 234 234 234 234 234 234 233 233 233 233 233 233 233 233 233 233 233 233 233 233 232 231 230 229 228 227 225 224 223 222 221 220 220 219 218 217 215 214 212 211 209 208 207 206 205 204 203 202 201 201 202 203 205 208 212 216 221 226 230
245 244 243 242 240 239 237 235 234 233 233 233 233 233 232 232 232 232 232 233 233 233 234 234 234 234 234 234 234 234 234 234 234 234 234 234 234 234 234 234 233 233 233 234 234 234 234 234 233 233 232 231 230 229 227 226 224 223 222 221 220 219 218 217 215 214 212 210 209 207 206 205 205 204 203 202 202 202 202 203 204 206 209 213 217 222 226 231
246 245 244 243 241 240 238 237 235 235 234 234 234 234 234 234 234 233 234 234 234 234 234 235 235 235 235 235 235 235 235 234 234 234 234 234 234 234 234 234 234 234 234 234 234 234 234 234 234 234 233 232 231 229 228 227 225 224 222 221 220 218 217 216 214 212 211 209 208 207 206 205 205 204 204 204 204 205 206 207 209 211 214 217 221 225 229 233
246 246 245 244 242 241 239 238 237 236 235 235 235 235 235 235 235 235 235 235 235 235 236 236 236 236 236 235 235 235 235 235 235 234 234 234 235 235 235 235 235 235 235 235 235 235 235 235 235 234 233 233 232 231 229 228 226 225 223 221 220 218 217 215 213 212 210 209 208 207 206 206 206 206 206 207 208 210 212 214 216 218 221 223 226 229 232 236
247 246 245 244 243 241 240 238 237 237 237 237 237 237 237 237 237 237 237 237 237 237 237 237 237 237 236 236 236 236 235 235 235 235 235 235 235 235 235 236 236 236 236 236 236 236 235 235 235 235 234 233 233 232 231 229 228 226 224 222 220 218 216 215 213 211 210 209 208 207 207 207 208 209 210 212 214 217 220 223 225 227 229 230 232 234 236 238
247 247 246 244 243 242 240 239 238 238 238 238 238 238 238 239 239 238 238 238 238 238 238 238 238 238 237 237 236 236 236 236 235 235 235 236 236 236 236 236 236 236 236 236 236 236 236 236 236 235 235 234 234 233 232 231 229 227 225 223 220 218 216 214 212 211 210 209 209 209 209 209 210 212 214 217 220 224 228 231 233 235 236 237 238 238 239 241
247 247 246 244 243 242 240 239 239 238 238 239 239 240 240 240 240 240 240 240 240 240 239 239 239 238 238 238 237 237 237 236 236 236 236 236 237 237 237 237 237 237 237 237 237 237 237 236 236 236 236 235 235 234 233 232 230 228 226 223 220 218 215 213 212 210 210 209 209 210 211 212 213 216 218 222 226 230 235 238 241 242 243 242 242 241 241 242
248 247 246 245 243 242 240 239 239 239 239 239 240 241 241 242 242 242 242 242 241 241 240 240 240 239 239 238 238 238 238 237 237 237 237 238 238 238 238 238 238 238 238 238 238 237 237 237 237 237 237 236 236 236 235 234 232 229 227 224 221 218 215 213 211 210 209 210 210 211 213 214 217 219 223 227 231 236 241 244 247 248 247 246 245 243 242 242
248 247 246 245 243 242 240 239 239 238 239 240 240 241 242 243 243 243 243 243 242 242 241 241 240 240 240 239 239 239 239 239 239 239 239 239 239 239 239 239 239 239 239 239 239 238 238 238 238 238 238 237 237 237 236 235 233 231 228 224 221 217 214 212 211 210 209 210 211 213 215 217 220 223 227 231 236 241 245 248 250 251 250 248 246 243 242 240
249 248 247 245 243 242 240 239 238 238 239 240 241 242 243 244 244 244 244 244 243 243 242 242 241 241 240 240 240 240 240 240 240 240 240 240 240 240 240 240 240 240 240 240 239 239 239 239 239 239 239 238 238 238 237 236 234 232 228 225 221 217 214 212 210 209 210 211 212 215 217 220 223 226 230 235 239 244 248 251 252 252 250 248 245 242 240 238
249 249 247 245 244 242 240 239 238 238 239 240 241 242 243 244 245 245 245 245 244 243 243 242 242 241 241 241 241 241 242 242 242 242 242 242 242 242 241 241 241 241 241 241 240 240 240 240 240 240 240 239 239 239 238 237 235 232 229 225 221 217 214 211 210 209 210 211 214 216 219 223 226 230 234 238 242 246 249 252 252 252 249 247 243 240 237 235
250 249 248 246 244 242 240 239 238 238 239 240 241 242 244 245 245 246 246 245 245 244 243 242 242 242 242 242 242 243 243 243 243 243 243 243 243 243 243 242 242 242 242 242 241 241 241 241 241 240 240 240 240 240 239 238 236 233 229 225 221 217 213 211 210 209 210 212 215 218 222 225 229 233 236 240 244 248 250 252 252 251 248 245 241 238 234 232
251 250 248 246 244 243 241 239 239 238 239 240 241 242 244 245 245 246 246 245 245 244 243 243 242 242 242 243 243 244 244 245 245 245 245 245 245 244 244 244 243 243 243 243 242 242 242 242 241 241 241 241 240 240 239 238 236 233 229 225 220 216 213 211 210 210 211 213 216 220 224 228 232 236 239 243 246 249 251 252 252 250 248 244 240 236 232 229
251 250 249 247 245 243 242 240 239 239 239 240 241 242 243 244 245 245 245 245 244 244 243 243 243 243 243 244 244 245 245 246 246 246 246 246 246 246 245 245 245 244 244 244 243 243 243 243 242 242 241 241 240 240 239 238 235 232 229 224 220 216 213 211 210 210 212 214 218 222 226 230 235 238 242 245 248 250 252 253 252 250 247 243 239 235 231 228
251 251 249 248 246 245 243 242 241 240 240 241 241 242 242 243 243 244 244 244 244 244 243 243 243 244 244 245 245 246 246 247 247 247 247 247 247 247 247 246 246 246 245 245 245 244 244 243 243 242 242 241 240 239 238 237 234 231 228 224 219 216 213 211 210 211 213 216 220 224 229 233 237 241 244 247 249 252 253 253 252 250 247 243 238 234 231 228
252 251 250 249 247 246 245 243 243 242 242 241 241 241 242 242 242 242 242 243 243 243 243 244 244 244 245 246 246 247 247 248 248 248 248 248 248 248 248 248 247 247 246 246 246 245 245 244 243 243 242 241 240 239 237 236 233 230 227 223 219 216 213 211 211 212 214 217 221 226 231 235 240 243 246 249 251 252 253 253 252 249 246 242 238 234 231 228
252 251 250 250 248 247 246 245 244 243 243 242 242 241 241 240 240 240 241 241 242 243 243 244 244 245 246 246 247 247 248 248 249 249 249 249 249 249 249 249 248 248 248 247 247 246 246 245 244 243 242 241 240 238 237 235 233 230 226 223 219 216 214 213 212 214 216 219 224 228 233 238 242 245 248 250 252 253 254 253 251 249 246 242 238 234 231 229
252 252 251 250 250 249 248 247 246 245 244 243 242 241 240 239 239 239 240 240 241 242 243 244 245 245 246 247 247 248 248 248 249 249 249 250 250 250 250 250 250 249 249 248 248 247 246 246 245 244 243 241 240 238 236 234 232 230 227 224 221 218 216 215 215 216 219 222 227 231 236 240 244 247 250 251 253 253 254 253 251 248 245 241 237 234 231 229
