raw_predictors/buf_land_ENVS/X5m_mean_00s_bio7.asc
NCOLS 685 
NROWS 631 
XLLCORNER -91.732961667 
YLLCORNER -37.473667521 
CELLSIZE 0.08331 
NODATA_value -9999 
[rows 117 to 155 of 631, columns 440 to 527 of 685]
126 124 122 120 118 116 113 111 109 108 107 107 106 106 106 105 105 105 106 107 109 110 111 111 109 107 103 99 94 -9999 -9999 -9999 -9999 -9999 -9999 -9999 -9999 -9999 -9999 -9999 -9999 -9999 -9999 -9999 -9999 -9999 -9999 -9999 -9999 -9999 -9999 -9999 -9999 -9999 -9999 -9999 -9999 -9999 -9999 -9999 -9999 -9999 -9999 -9999 -9999 -9999 -9999 -9999 -9999 -9999 -9999 -9999 -9999 -9999 -9999 -9999 -9999 -9999 -9999 -9999 -9999 -9999 -9999 -9999 -9999 -9999 -9999 -9999
118 116 114 113 111 109 107 105 104 103 103 103 103 104 104 104 104 105 106 107 109 110 111 111 110 108 105 101 97 93 -9999 -9999 -9999 -9999 -9999 -9999 -9999 -9999 -9999 -9999 -9999 -9999 -9999 -9999 -9999 -9999 -9999 -9999 -9999 -9999 -9999 -9999 -9999 -9999 -9999 -9999 -9999 -9999 -9999 -9999 -9999 -9999 -9999 -9999 -9999 -9999 -9999 -9999 -9999 -9999 -9999 -9999 -9999 -9999 -9999 -9999 -9999 -9999 -9999 -9999 -9999 -9999 -9999 -9999 -9999 -9999 -9999 -9999
109 107 106 104 103 102 100 99 98 98 98 99 100 101 101 102 102 103 105 106 108 109 109 109 108 107 105 102 100 96 93 -9999 -9999 -9999 -9999 -9999 -9999 -9999 -9999 -9999 -9999 -9999 -9999 -9999 -9999 -9999 -9999 -9999 -9999 -9999 -9999 -9999 -9999 -9999 -9999 -9999 -9999 -9999 -9999 -9999 -9999 -9999 -9999 -9999 -9999 -9999 -9999 -9999 -9999 -9999 -9999 -9999 -9999 -9999 -9999 -9999 -9999 -9999 -9999 -9999 -9999 -9999 -9999 -9999 -9999 -9999 -9999 -9999
101 99 98 97 96 95 94 93 93 94 94 95 96 97 98 99 100 101 103 104 106 107 107 107 106 105 104 103 101 99 96 93 88 -9999 -9999 -9999 -9999 -9999 -9999 -9999 -9999 -9999 -9999 -9999 -9999 -9999 -9999 -9999 -9999 -9999 -9999 -9999 -9999 -9999 -9999 -9999 -9999 -9999 -9999 -9999 -9999 -9999 -9999 -9999 -9999 -9999 -9999 -9999 -9999 -9999 -9999 -9999 -9999 -9999 -9999 -9999 -9999 -9999 -9999 -9999 -9999 -9999 -9999 -9999 -9999 -9999 -9999 -9999
94 93 91 91 90 90 89 89 89 90 91 92 93 94 96 97 98 99 100 102 103 104 104 104 104 104 103 103 102 101 99 96 93 88 83 -9999 -9999 -9999 -9999 -9999 -9999 -9999 -9999 -9999 -9999 -9999 -9999 -9999 -9999 -9999 -9999 -9999 -9999 -9999 -9999 -9999 -9999 -9999 -9999 -9999 -9999 -9999 -9999 -9999 -9999 -9999 -9999 -9999 -9999 -9999 -9999 -9999 -9999 -9999 -9999 -9999 -9999 -9999 -9999 -9999 -9999 -9999 -9999 -9999 -9999 -9999 -9999 -9999
89 88 87 86 86 86 86 86 86 87 88 90 91 92 93 94 95 97 98 99 100 101 102 102 102 102 102 102 102 102 101 99 96 93 88 83 -9999 -9999 -9999 -9999 -9999 -9999 -9999 -9999 -9999 -9999 -9999 -9999 -9999 -9999 -9999 -9999 -9999 -9999 -9999 -9999 -9999 -9999 -9999 -9999 -9999 -9999 -9999 -9999 -9999 -9999 -9999 -9999 -9999 -9999 -9999 -9999 -9999 -9999 -9999 -9999 -9999 -9999 -9999 -9999 -9999 -9999 -9999 -9999 -9999 -9999 -9999 -9999
86 85 84 84 84 84 84 84 85 86 87 88 89 90 91 92 93 94 96 97 98 98 99 99 100 100 101 101 102 102 102 101 99 96 92 88 83 -9999 -9999 -9999 -9999 -9999 -9999 -9999 -9999 -9999 -9999 -9999 -9999 -9999 -9999 -9999 -9999 -9999 -9999 -9999 -9999 -9999 -9999 -9999 -9999 -9999 -9999 -9999 -9999 -9999 -9999 -9999 -9999 -9999 -9999 -9999 -9999 -9999 -9999 -9999 -9999 -9999 -9999 -9999 -9999 -9999 -9999 -9999 -9999 -9999 -9999 -9999
85 84 83 83 83 83 83 84 85 85 86 87 88 89 90 91 92 93 94 94 95 96 97 97 98 98 99 100 101 102 102 101 100 98 96 93 90 86 82 78 -9999 -9999 -9999 -9999 -9999 -9999 -9999 -9999 -9999 -9999 -9999 -9999 -9999 -9999 -9999 -9999 -9999 -9999 -9999 -9999 -9999 -9999 -9999 -9999 -9999 -9999 -9999 -9999 -9999 -9999 -9999 -9999 -9999 -9999 -9999 -9999 -9999 -9999 -9999 -9999 -9999 -9999 -9999 -9999 -9999 -9999 -9999 -9999
84 83 83 83 83 83 84 84 85 86 86 87 88 88 89 90 90 91 92 93 93 94 94 95 96 97 98 99 100 101 101 101 101 100 99 97 95 93 90 87 83 -9999 -9999 -9999 -9999 -9999 -9999 -9999 -9999 -9999 -9999 -9999 -9999 -9999 -9999 -9999 -9999 -9999 -9999 -9999 -9999 -9999 -9999 -9999 -9999 -9999 -9999 -9999 -9999 -9999 -9999 -9999 -9999 -9999 -9999 -9999 -9999 -9999 -9999 -9999 -9999 -9999 -9999 -9999 -9999 -9999 -9999 -9999
85 84 83 83 83 84 84 85 85 86 87 87 87 88 88 89 89 90 90 91 91 92 93 93 94 95 96 97 99 100 100 101 101 101 101 100 99 98 96 94 91 -9999 -9999 -9999 -9999 -9999 -9999 -9999 -9999 -9999 -9999 -9999 -9999 -9999 -9999 -9999 -9999 -9999 -9999 -9999 -9999 -9999 -9999 -9999 -9999 -9999 -9999 -9999 -9999 -9999 -9999 -9999 -9999 -9999 -9999 -9999 -9999 -9999 -9999 -9999 -9999 -9999 -9999 -9999 -9999 -9999 -9999 -9999
85 84 84 84 84 84 85 86 86 86 87 87 87 87 88 88 88 89 89 89 90 90 91 91 92 93 94 96 97 98 99 100 101 101 102 102 102 101 100 99 96 -9999 87 -9999 -9999 -9999 -9999 -9999 -9999 -9999 -9999 -9999 -9999 -9999 -9999 -9999 -9999 -9999 -9999 -9999 -9999 -9999 -9999 -9999 -9999 -9999 -9999 -9999 -9999 -9999 -9999 -9999 -9999 -9999 -9999 -9999 -9999 -9999 -9999 -9999 -9999 -9999 -9999 -9999 -9999 -9999 -9999 -9999
85 84 84 84 84 85 85 86 86 87 87 87 87 87 87 87 88 88 88 88 88 88 89 89 90 91 92 94 95 96 98 99 100 101 102 102 102 102 102 101 99 96 92 86 -9999 -9999 -9999 -9999 -9999 -9999 -9999 -9999 -9999 -9999 -9999 -9999 -9999 -9999 -9999 -9999 -9999 -9999 -9999 -9999 -9999 -9999 -9999 -9999 -9999 -9999 -9999 -9999 -9999 -9999 -9999 -9999 -9999 -9999 -9999 -9999 -9999 -9999 -9999 -9999 -9999 -9999 -9999 -9999
85 84 84 84 85 85 86 86 87 87 87 87 87 87 87 87 87 87 87 87 87 87 87 88 88 89 90 92 93 94 96 97 98 99 101 101 102 102 102 101 99 97 94 90 85 80 -9999 -9999 -9999 -9999 -9999 -9999 -9999 -9999 -9999 -9999 -9999 -9999 -9999 -9999 -9999 -9999 -9999 -9999 -9999 -9999 -9999 -9999 -9999 -9999 -9999 -9999 -9999 -9999 -9999 -9999 -9999 -9999 -9999 -9999 -9999 -9999 -9999 -9999 -9999 -9999 -9999 -9999
84 84 84 85 85 85 86 86 87 87 87 87 87 86 86 86 86 86 86 86 85 85 85 86 86 87 88 90 91 92 94 95 96 98 99 100 100 100 100 99 98 97 95 92 89 86 82 -9999 -9999 -9999 -9999 -9999 -9999 -9999 -9999 -9999 -9999 -9999 -9999 -9999 -9999 -9999 -9999 -9999 -9999 -9999 -9999 -9999 -9999 -9999 -9999 -9999 -9999 -9999 -9999 -9999 -9999 -9999 -9999 -9999 -9999 -9999 -9999 -9999 -9999 -9999 -9999 -9999
84 84 84 85 85 85 86 86 87 87 87 86 86 86 86 86 86 86 86 85 85 84 84 85 85 86 87 88 89 90 92 93 94 96 97 97 98 98 97 97 96 95 94 94 92 91 89 -9999 -9999 -9999 -9999 -9999 -9999 -9999 -9999 -9999 -9999 -9999 -9999 -9999 -9999 -9999 -9999 -9999 -9999 -9999 -9999 -9999 -9999 -9999 -9999 -9999 -9999 -9999 -9999 -9999 -9999 -9999 -9999 -9999 -9999 -9999 -9999 -9999 -9999 -9999 -9999 -9999
84 84 84 85 85 85 86 86 86 86 86 86 86 86 86 86 86 86 85 85 84 84 84 84 84 85 86 87 88 89 90 91 92 94 95 95 95 95 95 94 94 94 94 94 95 95 94 92 -9999 -9999 -9999 -9999 -9999 -9999 -9999 -9999 -9999 -9999 -9999 -9999 -9999 -9999 -9999 -9999 -9999 -9999 -9999 -9999 -9999 -9999 -9999 -9999 -9999 -9999 -9999 -9999 -9999 -9999 -9999 -9999 -9999 -9999 -9999 -9999 -9999 -9999 -9999 -9999
84 84 84 85 85 85 85 86 86 86 86 86 86 86 86 86 86 86 86 85 85 84 84 84 84 85 85 86 87 88 89 90 91 92 93 93 94 93 93 92 92 92 93 95 96 97 97 96 93 -9999 -9999 -9999 -9999 -9999 -9999 -9999 -9999 -9999 -9999 -9999 -9999 -9999 -9999 -9999 -9999 -9999 -9999 -9999 -9999 -9999 -9999 -9999 -9999 -9999 -9999 -9999 -9999 -9999 -9999 -9999 -9999 -9999 -9999 -9999 -9999 -9999 -9999 -9999
84 84 84 84 84 85 85 85 85 85 85 85 86 86 86 86 86 86 86 86 85 85 84 84 85 85 85 86 87 87 88 89 90 91 92 92 92 92 92 91 91 92 93 95 97 98 98 97 95 -9999 -9999 -9999 -9999 -9999 -9999 -9999 -9999 -9999 -9999 -9999 -9999 -9999 -9999 -9999 -9999 -9999 -9999 -9999 -9999 -9999 -9999 -9999 -9999 -9999 -9999 -9999 -9999 -9999 -9999 -9999 -9999 -9999 -9999 -9999 -9999 -9999 -9999 -9999
83 83 83 83 84 84 84 84 84 84 85 85 85 85 86 86 86 87 86 86 86 86 85 85 85 86 86 86 87 87 88 89 89 90 91 91 91 91 91 91 91 92 93 95 97 97 98 96 93 -9999 -9999 -9999 -9999 -9999 -9999 -9999 -9999 -9999 -9999 -9999 -9999 -9999 -9999 -9999 -9999 -9999 -9999 -9999 -9999 -9999 -9999 -9999 -9999 -9999 -9999 -9999 -9999 -9999 -9999 -9999 -9999 -9999 -9999 -9999 -9999 -9999 -9999 -9999
83 83 83 83 83 83 83 83 83 84 84 84 85 85 86 86 87 87 87 87 87 87 87 87 87 87 87 87 87 88 88 88 89 90 90 91 91 91 91 92 92 93 94 95 96 96 96 94 91 -9999 -9999 -9999 -9999 -9999 -9999 -9999 -9999 -9999 -9999 -9999 -9999 -9999 -9999 -9999 -9999 -9999 -9999 -9999 -9999 -9999 -9999 -9999 -9999 -9999 -9999 -9999 -9999 -9999 -9999 -9999 -9999 -9999 -9999 -9999 -9999 -9999 -9999 -9999
82 82 82 82 82 82 82 82 82 83 83 84 84 85 86 87 87 88 88 88 88 88 88 88 88 88 88 88 88 88 88 88 89 90 90 91 91 92 92 92 93 93 94 95 95 94 93 91 87 -9999 -9999 -9999 -9999 -9999 -9999 -9999 -9999 -9999 -9999 -9999 -9999 -9999 -9999 -9999 -9999 -9999 -9999 -9999 -9999 -9999 -9999 -9999 -9999 -9999 -9999 -9999 -9999 -9999 -9999 -9999 -9999 -9999 -9999 -9999 -9999 -9999 -9999 -9999
82 81 81 81 81 81 81 81 81 82 82 83 84 85 86 87 88 88 88 89 89 89 89 89 89 88 88 88 88 88 88 88 89 89 90 90 91 92 92 93 93 94 94 94 94 92 91 88 85 -9999 -9999 -9999 -9999 -9999 -9999 -9999 -9999 -9999 -9999 -9999 -9999 -9999 -9999 -9999 -9999 -9999 -9999 -9999 -9999 -9999 -9999 -9999 -9999 -9999 -9999 -9999 -9999 -9999 -9999 -9999 -9999 -9999 -9999 -9999 -9999 -9999 -9999 -9999
81 81 81 81 80 80 80 80 81 81 82 83 84 85 86 87 88 89 89 89 89 89 89 89 89 89 88 88 88 88 88 88 88 88 89 90 90 91 92 93 93 94 94 94 93 91 89 87 83 -9999 -9999 -9999 -9999 -9999 -9999 -9999 -9999 -9999 -9999 -9999 -9999 -9999 -9999 -9999 -9999 -9999 -9999 -9999 -9999 -9999 -9999 -9999 -9999 -9999 -9999 -9999 -9999 -9999 -9999 -9999 -9999 -9999 -9999 -9999 -9999 -9999 -9999 -9999
81 81 80 80 80 80 80 80 80 81 82 83 84 85 86 87 88 89 90 90 90 90 89 89 89 88 88 88 87 87 87 87 87 87 88 89 89 90 91 92 93 93 93 93 92 91 89 86 82 -9999 -9999 -9999 -9999 -9999 -9999 -9999 -9999 -9999 -9999 -9999 -9999 -9999 -9999 -9999 -9999 -9999 -9999 -9999 -9999 -9999 -9999 -9999 -9999 -9999 -9999 -9999 -9999 -9999 -9999 -9999 -9999 -9999 -9999 -9999 -9999 -9999 -9999 -9999
81 81 80 80 80 80 80 80 80 81 82 83 84 85 87 88 89 90 90 90 90 90 89 89 88 88 87 87 86 86 85 85 85 86 86 87 88 89 90 91 92 92 93 93 92 91 89 87 83 -9999 -9999 -9999 -9999 -9999 -9999 -9999 -9999 -9999 -9999 -9999 -9999 -9999 -9999 -9999 -9999 -9999 -9999 -9999 -9999 -9999 -9999 -9999 -9999 -9999 -9999 -9999 -9999 -9999 -9999 -9999 -9999 -9999 -9999 -9999 -9999 -9999 -9999 -9999
81 81 80 80 80 80 80 80 80 81 82 83 84 86 87 88 89 90 90 90 90 89 89 88 87 87 86 85 85 84 84 84 84 84 85 86 86 87 88 89 90 91 92 92 92 91 90 88 84 79 -9999 -9999 -9999 -9999 -9999 -9999 -9999 -9999 -9999 -9999 -9999 -9999 -9999 -9999 -9999 -9999 -9999 -9999 -9999 -9999 -9999 -9999 -9999 -9999 -9999 -9999 -9999 -9999 -9999 -9999 -9999 -9999 -9999 -9999 -9999 -9999 -9999 -9999
81 81 81 80 80 80 80 80 80 81 82 83 84 86 87 89 90 90 90 90 89 89 88 87 86 86 85 84 84 83 83 83 83 83 83 84 85 86 87 88 89 90 91 92 92 92 91 89 86 81 -9999 -9999 -9999 -9999 -9999 -9999 -9999 -9999 -9999 -9999 -9999 -9999 -9999 -9999 -9999 -9999 -9999 -9999 -9999 -9999 -9999 -9999 -9999 -9999 -9999 -9999 -9999 -9999 -9999 -9999 -9999 -9999 -9999 -9999 -9999 -9999 -9999 -9999
81 81 81 81 80 80 80 80 81 81 82 83 84 86 87 89 90 90 90 90 89 88 87 86 85 84 84 83 83 82 82 82 82 82 83 83 84 85 86 87 88 90 91 92 92 93 92 91 88 84 -9999 -9999 -9999 -9999 -9999 -9999 -9999 -9999 -9999 -9999 -9999 -9999 -9999 -9999 -9999 -9999 -9999 -9999 -9999 -9999 -9999 -9999 -9999 -9999 -9999 -9999 -9999 -9999 -9999 -9999 -9999 -9999 -9999 -9999 -9999 -9999 -9999 -9999
82 82 81 81 81 81 80 80 81 81 82 83 84 86 87 88 89 90 90 89 88 87 86 85 84 83 83 82 82 82 81 81 81 82 82 83 84 85 86 87 88 89 91 92 93 94 94 93 90 86 81 -9999 -9999 -9999 -9999 -9999 -9999 -9999 -9999 -9999 -9999 -9999 -9999 -9999 -9999 -9999 -9999 -9999 -9999 -9999 -9999 -9999 -9999 -9999 -9999 -9999 -9999 -9999 -9999 -9999 -9999 -9999 -9999 -9999 -9999 -9999 -9999 -9999
82 82 82 82 81 81 81 81 81 81 82 83 84 85 87 88 89 89 89 88 87 86 85 84 83 83 82 82 81 81 81 81 82 82 83 83 84 85 86 87 88 90 91 93 94 95 95 94 92 89 84 -9999 -9999 -9999 -9999 -9999 -9999 -9999 -9999 -9999 -9999 -9999 -9999 -9999 -9999 -9999 -9999 -9999 -9999 -9999 -9999 -9999 -9999 -9999 -9999 -9999 -9999 -9999 -9999 -9999 -9999 -9999 -9999 -9999 -9999 -9999 -9999 -9999
83 83 83 82 82 81 81 81 81 81 82 83 84 85 86 87 88 88 88 87 86 85 84 83 82 82 82 81 81 81 82 82 82 83 84 84 85 86 87 88 89 90 92 93 95 96 96 96 95 92 88 83 -9999 -9999 -9999 -9999 -9999 -9999 -9999 -9999 -9999 -9999 -9999 -9999 -9999 -9999 -9999 -9999 -9999 -9999 -9999 -9999 -9999 -9999 -9999 -9999 -9999 -9999 -9999 -9999 -9999 -9999 -9999 -9999 -9999 -9999 -9999 -9999
84 84 83 83 82 82 82 81 81 81 82 82 83 84 85 86 87 87 87 86 85 84 83 83 82 82 81 81 82 82 82 83 83 84 85 85 86 87 88 88 90 91 93 94 96 97 98 98 97 95 91 88 -9999 -9999 -9999 -9999 -9999 -9999 -9999 -9999 -9999 -9999 -9999 -9999 -9999 -9999 -9999 -9999 -9999 -9999 -9999 -9999 -9999 -9999 -9999 -9999 -9999 -9999 -9999 -9999 -9999 -9999 -9999 -9999 -9999 -9999 -9999 -9999
84 84 84 84 83 82 82 82 82 82 82 82 83 84 85 85 86 86 86 85 84 83 83 82 82 81 81 82 82 83 83 84 84 85 86 86 87 88 88 89 90 92 93 95 97 98 99 99 98 97 95 92 -9999 -9999 -9999 -9999 -9999 -9999 -9999 -9999 -9999 -9999 -9999 -9999 -9999 -9999 -9999 -9999 -9999 -9999 -9999 -9999 -9999 -9999 -9999 -9999 -9999 -9999 -9999 -9999 -9999 -9999 -9999 -9999 -9999 -9999 -9999 -9999
85 85 84 84 83 83 82 82 82 82 82 82 83 83 84 85 85 85 85 84 84 83 82 82 82 82 82 82 83 83 84 85 85 86 87 87 88 88 89 90 91 92 94 95 97 98 99 100 100 99 98 96 94 -9999 -9999 -9999 -9999 -9999 -9999 -9999 -9999 -9999 -9999 -9999 -9999 -9999 -9999 -9999 -9999 -9999 -9999 -9999 -9999 -9999 -9999 -9999 -9999 -9999 -9999 -9999 -9999 -9999 -9999 -9999 -9999 -9999 -9999 -9999
85 85 85 84 84 83 83 83 82 82 82 82 83 83 84 84 84 84 84 84 83 83 82 82 82 82 82 83 83 84 84 85 86 87 87 88 88 89 89 90 91 92 94 95 97 98 100 101 101 101 101 100 99 -9999 -9999 -9999 -9999 -9999 -9999 -9999 -9999 -9999 -9999 -9999 -9999 -9999 -9999 -9999 -9999 -9999 -9999 -9999 -9999 -9999 -9999 -9999 -9999 -9999 -9999 -9999 -9999 -9999 -9999 -9999 -9999 -9999 -9999 -9999
84 85 84 84 84 84 83 83 83 83 83 83 83 83 84 84 84 84 84 84 83 83 83 83 83 83 83 83 84 84 85 85 86 87 87 88 88 89 89 90 91 92 93 95 97 98 100 101 102 103 103 104 104 -9999 -9999 -9999 -9999 -9999 -9999 -9999 -9999 -9999 -9999 -9999 -9999 -9999 -9999 -9999 -9999 -9999 -9999 -9999 -9999 -9999 -9999 -9999 -9999 -9999 -9999 -9999 -9999 -9999 -9999 -9999 -9999 -9999 -9999 -9999
84 84 84 84 84 84 84 84 84 83 83 83 83 84 84 84 84 84 84 84 84 83 83 83 83 84 84 84 84 84 85 85 86 86 87 87 88 88 89 89 90 91 93 94 96 98 100 101 103 104 106 107 108 -9999 -9999 107 -9999 -9999 -9999 -9999 -9999 -9999 -9999 -9999 -9999 -9999 -9999 -9999 -9999 -9999 -9999 -9999 -9999 -9999 -9999 -9999 -9999 -9999 -9999 -9999 -9999 -9999 -9999 -9999 -9999 -9999 -9999 -9999
83 83 83 84 84 84 84 84 84 84 84 84 84 84 84 84 84 84 84 84 84 84 84 84 85 85 85 85 85 85 85 85 86 86 86 87 87 87 88 88 89 90 92 93 95 97 99 101 103 105 107 109 111 113 113 112 109 -9999 -9999 -9999 -9999 -9999 -9999 -9999 -9999 -9999 -9999 -9999 -9999 -9999 -9999 -9999 -9999 -9999 -9999 -9999 -9999 -9999 -9999 -9999 -9999 -9999 -9999 -9999 -9999 -9999 -9999 -9999
83 83 83 84 84 84 84 85 85 85 85 85 85 85 85 85 85 85 85 85 85 85 85 86 86 86 85 85 85 85 85 85 85 85 86 86 86 87 87 87 88 89 91 92 94 96 99 101 103 105 108 111 114 116 117 117 114 109 -9999 -9999 -9999 -9999 -9999 -9999 -9999 -9999 -9999 -9999 -9999 -9999 -9999 -9999 -9999 -9999 -9999 -9999 -9999 -9999 -9999 -9999 -9999 -9999 -9999 -9999 -9999 -9999 -9999 -9999
