raw_predictors/buf_land_ENVS/X5m_mean_00s_bio1.asc
NCOLS 685 
NROWS 631 
XLLCORNER -91.732961667 
YLLCORNER -37.473667521 
CELLSIZE 0.08331 
NODATA_value -9999 
[rows 312 to 350 of 631, columns 528 to 615 of 685]
291 291 290 289 289 288 288 287 286 285 284 283 282 281 279 278 277 276 276 275 274 273 273 272 272 272 273 273 274 275 276 278 279 280 282 283 284 286 287 288 289 290 290 291 291 291 291 291 292 292 293 294 295 296 296 297 296 296 295 294 292 291 290 289 288 287 287 286 286 286 285 285 284 283 282 281 279 278 276 275 273 272 270 268 267 265 264 264
292 291 290 289 289 288 287 286 286 285 283 282 281 280 278 277 276 275 275 274 273 273 272 272 272 272 272 273 274 275 276 277 279 280 282 283 284 286 287 288 289 290 291 291 291 292 292 292 292 293 294 295 296 297 297 298 297 297 295 294 292 290 289 287 286 286 285 284 284 284 283 283 282 281 280 279 278 276 275 273 272 270 269 267 266 264 263 263
292 291 290 289 289 288 287 286 285 284 283 282 280 279 278 277 276 275 274 274 273 272 272 271 271 271 272 272 273 274 275 277 278 279 281 283 284 285 287 288 289 290 291 292 292 292 292 293 293 294 295 296 297 298 298 298 298 297 295 294 292 289 288 286 285 284 283 282 282 282 281 281 280 279 278 277 276 275 273 272 270 269 268 266 265 263 262 262
292 291 290 289 289 288 287 286 285 284 282 281 280 279 278 276 276 275 274 273 272 272 271 270 270 270 271 271 272 273 274 276 277 279 280 282 284 285 287 288 289 290 291 292 292 293 293 293 294 295 296 297 297 298 299 299 298 297 295 293 291 288 286 284 283 282 281 280 280 279 279 279 278 277 276 275 274 273 272 270 269 268 266 265 263 262 261 261
293 292 291 290 289 288 287 285 284 283 282 281 280 279 278 277 276 275 274 273 272 271 270 270 269 269 270 270 271 272 273 275 276 278 280 281 283 285 286 288 289 291 292 292 293 293 293 293 294 295 296 297 298 299 299 299 299 297 295 293 290 288 285 283 281 280 279 278 278 277 277 276 276 275 274 273 272 271 270 268 267 266 265 263 262 261 260 260
293 292 291 290 289 288 287 285 284 283 282 281 280 279 278 277 276 275 274 273 272 271 270 269 269 269 269 270 270 271 273 274 276 277 279 281 283 284 286 288 289 291 291 292 292 293 293 293 294 295 296 297 298 299 299 299 299 297 295 293 290 287 284 281 279 278 277 276 275 275 275 274 274 273 272 271 270 269 268 267 266 264 263 262 261 260 259 259
293 292 291 290 289 288 287 285 284 283 282 281 280 279 278 277 276 276 274 273 272 271 270 269 268 268 268 269 270 271 272 273 275 277 279 280 282 284 286 288 289 290 291 292 292 292 292 293 293 294 295 297 298 299 299 299 299 297 295 292 289 286 283 280 278 276 275 274 274 273 273 272 271 271 270 269 268 267 266 265 264 263 262 261 260 259 259 259
294 293 291 290 289 288 287 286 285 284 283 282 281 280 279 278 277 276 275 274 272 271 269 268 268 267 268 268 269 270 272 273 275 277 278 280 282 284 286 287 289 290 291 291 291 292 292 292 292 293 294 296 297 298 299 299 298 297 294 292 288 285 282 279 277 275 274 273 272 271 270 270 269 268 267 266 265 264 264 263 262 261 261 260 259 259 258 258
294 293 292 291 290 288 287 286 285 284 283 283 282 281 280 279 278 277 276 274 272 271 269 268 267 267 267 268 269 270 272 273 275 277 279 280 282 284 285 287 288 289 290 290 290 290 290 291 291 292 293 294 296 297 298 298 297 296 294 291 288 285 282 279 277 275 273 271 270 269 268 267 267 266 265 264 263 262 261 261 260 260 259 259 258 258 258 258
294 293 292 291 290 289 288 287 286 285 284 283 283 282 281 280 279 278 276 275 273 271 269 268 267 267 267 268 269 270 272 274 275 277 279 280 282 284 285 286 288 288 289 289 289 289 289 289 289 290 291 293 294 296 297 297 297 295 293 290 287 284 281 278 276 274 272 271 269 268 266 265 264 263 262 261 261 260 259 259 259 258 258 258 258 258 258 258
294 293 292 291 290 290 289 288 287 286 285 284 284 283 282 281 280 279 277 275 273 271 270 268 267 267 267 268 269 271 272 274 276 278 279 281 282 283 285 286 287 287 288 288 288 287 287 287 287 288 290 291 293 294 295 296 296 294 292 290 287 284 281 278 276 274 272 270 268 266 265 263 262 261 260 259 258 258 257 257 257 257 257 257 257 258 258 259
294 294 293 292 291 290 290 289 288 287 286 286 285 284 283 282 281 280 278 276 274 272 270 268 267 267 267 268 270 271 273 275 276 278 279 281 282 283 284 285 286 286 286 286 286 285 285 285 286 286 288 289 291 293 294 295 295 293 292 289 287 284 281 279 276 274 272 269 267 265 263 261 260 259 258 257 256 256 256 256 256 256 256 256 257 257 258 259
295 294 293 293 292 291 290 290 289 288 287 287 286 285 284 283 282 281 279 277 275 272 270 268 267 267 267 269 270 272 273 275 277 278 280 281 282 282 283 284 285 285 285 285 284 284 283 283 284 285 286 288 289 291 293 294 294 293 291 289 286 284 281 279 277 274 272 269 267 264 262 260 258 257 256 255 254 254 254 255 255 255 256 256 257 257 258 259
296 295 294 294 293 292 291 291 290 289 288 288 287 286 285 284 283 282 280 278 275 273 271 269 268 267 268 269 270 272 274 276 277 279 280 281 281 282 282 283 283 283 283 283 283 282 282 282 282 283 285 286 288 290 292 293 293 292 291 289 287 284 282 280 277 275 272 269 266 263 261 258 256 255 254 253 253 253 253 254 254 255 255 256 257 257 258 259
296 296 295 295 294 293 292 292 291 290 289 289 288 287 286 285 284 282 281 278 276 273 271 269 268 268 268 269 271 273 274 276 278 279 280 280 281 281 281 281 282 282 282 281 281 281 281 281 281 282 284 286 287 289 291 292 292 292 290 289 287 285 283 280 278 275 273 269 266 263 260 257 255 253 252 252 252 252 253 253 254 255 255 256 257 257 258 259
297 297 296 296 295 294 293 292 291 291 290 289 289 288 287 286 285 283 281 279 277 274 272 270 268 268 268 270 271 273 275 277 278 279 280 280 280 280 280 280 280 280 280 280 280 280 280 280 281 282 283 285 287 289 291 292 292 292 290 289 287 285 283 281 279 276 273 270 266 263 259 256 254 252 251 251 251 251 252 253 254 255 256 256 257 258 258 259
298 298 297 297 296 295 294 293 292 291 291 290 289 289 288 287 285 284 282 280 277 274 272 270 269 268 269 270 272 273 275 277 278 279 279 279 279 279 279 278 278 278 278 278 278 279 279 280 281 282 283 285 287 289 291 292 292 291 290 289 287 286 284 282 280 277 274 270 266 262 259 255 253 251 250 250 250 251 252 253 254 255 256 257 257 258 259 260
299 299 299 298 297 296 295 294 293 292 291 291 290 289 288 287 286 284 282 280 277 275 272 270 269 269 269 270 272 274 275 277 278 279 279 279 278 278 277 277 277 277 277 277 278 278 279 280 281 282 284 285 287 289 291 292 292 292 291 289 288 286 284 282 280 277 274 270 266 262 258 255 252 250 249 249 250 250 252 253 254 256 256 257 258 258 259 260
300 300 299 299 298 297 296 294 293 292 292 291 290 290 289 288 286 284 283 280 278 275 273 271 269 269 270 271 272 274 276 277 278 279 279 278 278 277 276 276 276 276 276 277 277 278 279 280 281 283 284 286 288 289 291 292 292 292 291 289 288 286 284 282 280 277 274 270 266 262 258 254 251 250 249 249 249 250 251 253 254 256 257 258 258 259 260 261
300 300 300 299 299 298 296 295 294 293 292 292 291 290 289 288 286 285 283 280 278 275 273 271 270 269 270 271 272 274 276 277 278 278 278 278 277 276 276 275 275 275 276 276 277 278 279 280 282 283 285 287 288 290 291 292 292 292 291 289 288 286 284 282 280 277 274 270 266 262 257 254 251 249 248 248 249 249 251 252 254 255 257 258 259 260 261 263
301 301 300 300 299 298 297 296 295 294 293 292 291 290 289 288 286 285 283 280 278 276 273 271 270 270 270 271 273 274 276 277 278 278 278 277 277 276 275 275 275 275 276 277 278 279 280 281 283 285 286 288 289 291 292 293 293 292 291 289 288 286 284 282 279 276 273 269 265 261 257 254 251 249 248 248 248 249 250 252 253 255 257 258 260 261 263 265
301 301 301 300 300 299 297 296 295 294 293 292 291 290 289 288 286 284 282 280 278 276 273 272 270 270 270 271 273 274 275 277 278 278 278 277 276 276 275 275 275 275 276 277 278 280 281 283 284 286 288 289 290 292 293 293 293 292 291 289 287 285 283 281 278 276 272 269 265 261 257 254 251 249 248 248 248 248 249 251 252 254 256 258 260 262 265 266
301 301 301 300 300 299 298 297 295 294 293 293 292 290 289 288 286 284 282 280 278 276 274 272 271 270 270 271 272 274 275 276 277 277 277 277 276 275 275 275 275 276 277 278 279 281 282 284 286 287 289 290 292 293 294 294 294 293 291 289 287 285 282 280 277 275 271 268 265 261 258 255 252 250 249 248 248 248 249 250 251 253 256 258 261 263 266 268
300 301 301 300 300 299 298 297 295 294 294 293 292 291 289 288 286 284 282 280 278 276 274 272 271 270 270 271 272 273 275 276 277 277 277 276 276 275 275 275 276 276 277 279 280 282 283 285 287 289 290 291 293 294 295 295 294 293 291 289 287 284 282 279 276 274 271 267 264 261 258 255 253 251 250 249 248 248 248 249 251 253 255 258 261 264 267 269
300 300 300 300 299 298 297 296 295 294 293 293 292 291 289 288 286 284 282 280 278 276 274 272 271 270 270 271 272 273 274 275 276 276 276 276 276 276 275 276 276 277 278 280 281 283 284 286 288 289 291 292 293 294 295 295 295 293 291 289 286 283 281 278 275 273 270 267 264 261 259 256 254 252 251 249 248 248 248 248 250 252 254 257 261 264 267 269
299 299 299 299 298 298 297 296 295 294 293 292 292 291 289 288 286 285 283 281 278 276 274 272 270 270 270 270 271 272 273 274 275 276 276 276 276 276 276 276 277 278 279 280 282 283 285 287 288 290 291 293 294 295 296 296 295 293 291 288 286 283 280 277 274 272 269 267 264 262 260 257 255 253 252 250 249 248 248 248 249 251 254 257 260 263 266 268
299 299 298 298 297 297 296 294 294 293 292 292 291 291 290 289 287 285 283 281 279 276 274 272 270 269 269 270 270 271 273 274 275 275 276 276 276 276 276 277 278 279 280 281 282 284 285 287 289 290 291 293 294 295 296 296 295 293 291 288 285 282 279 276 274 271 269 267 265 263 261 259 257 255 253 252 250 249 248 248 249 250 253 256 259 262 264 266
298 298 297 297 296 295 294 293 292 292 291 291 291 291 290 289 288 286 284 282 279 277 274 272 270 269 269 269 270 271 272 273 274 275 275 276 276 276 277 277 278 279 280 282 283 284 285 287 288 290 291 293 294 295 295 295 295 293 290 288 284 281 278 276 273 271 269 267 265 263 262 260 258 256 255 253 251 250 248 248 248 250 252 254 257 260 262 264
297 297 296 295 295 294 292 291 291 290 290 290 291 291 291 290 289 287 285 283 280 277 274 272 270 269 269 269 270 270 272 273 274 275 275 276 276 276 277 278 279 280 281 282 283 284 285 287 288 289 291 292 293 295 295 295 294 293 290 287 284 281 278 275 273 270 268 267 265 264 263 261 260 258 256 255 253 251 249 249 249 250 251 254 256 258 260 261
296 295 295 294 293 292 290 289 289 288 289 289 290 291 291 290 290 288 286 284 281 278 275 272 270 269 268 269 269 270 272 273 274 275 275 276 276 277 278 278 279 280 281 282 283 284 285 286 288 289 291 292 293 294 295 295 294 292 290 287 283 280 277 274 272 270 268 267 266 265 264 263 262 260 258 256 255 253 251 250 250 250 252 253 255 257 258 259
295 294 293 292 291 290 288 287 287 287 287 288 289 290 291 291 290 289 287 284 281 278 275 272 270 269 269 269 270 271 272 273 274 275 276 276 277 277 278 279 280 281 282 282 283 284 285 286 288 289 290 292 293 294 295 295 294 292 290 286 283 280 276 274 272 270 268 267 266 266 265 264 263 262 260 259 257 255 253 252 251 252 253 254 256 257 258 258
294 293 292 291 289 288 286 285 284 284 285 287 288 289 290 291 290 289 288 285 282 279 275 272 270 269 269 269 270 271 273 274 275 276 277 277 277 278 278 279 280 281 282 282 283 284 285 286 288 289 290 292 293 294 295 295 294 292 289 286 283 279 276 274 271 270 268 268 267 267 266 266 265 264 263 261 260 258 256 255 254 254 255 256 258 259 259 259
293 292 291 289 287 285 284 282 282 282 283 285 287 289 290 291 290 290 288 286 282 279 276 273 271 270 269 270 271 272 274 275 277 277 278 278 278 279 279 279 280 281 282 282 283 284 285 287 288 289 290 292 293 294 295 295 294 292 290 286 283 279 276 273 271 270 269 268 268 268 268 268 267 266 265 264 262 261 259 258 258 258 258 259 260 261 261 261
292 291 290 288 285 283 281 280 279 280 281 283 285 287 289 290 290 290 288 286 283 280 276 273 271 270 270 271 272 274 275 277 278 279 279 279 279 279 279 280 280 281 281 282 283 284 285 287 288 289 291 292 293 294 295 296 295 293 290 286 282 279 276 273 271 270 269 269 269 269 269 269 269 268 267 266 265 264 263 262 262 262 262 263 264 264 264 264
291 290 288 286 284 281 279 277 277 277 279 281 284 286 288 290 290 290 288 286 283 280 277 274 272 271 271 272 273 275 277 279 280 280 281 280 280 280 279 280 280 280 281 282 283 284 286 287 288 289 291 292 293 295 295 296 295 293 290 286 282 279 276 273 271 270 269 269 269 270 270 270 270 270 269 269 268 267 266 265 265 265 266 266 267 267 267 266
290 289 287 284 282 279 277 275 275 276 277 280 283 285 288 289 290 290 289 287 284 280 277 274 273 272 272 273 274 276 278 280 281 282 282 281 281 280 280 279 280 280 281 282 283 284 286 287 288 290 291 292 293 294 295 295 294 292 289 286 282 279 276 273 271 270 270 270 270 270 271 271 271 271 271 270 270 269 269 268 268 268 268 269 269 269 269 268
289 287 285 283 280 278 275 274 273 274 276 279 282 285 287 289 290 290 289 287 284 281 278 275 273 273 273 274 275 277 279 281 282 282 282 282 281 280 279 279 279 280 280 282 283 284 286 287 289 290 291 292 293 294 295 295 294 292 289 286 282 278 275 273 271 270 270 270 270 271 271 272 272 272 272 272 271 271 270 270 270 270 270 270 270 270 269 269
287 285 283 281 279 276 274 273 273 273 275 278 281 284 287 288 289 289 289 287 284 282 279 276 274 273 274 275 276 278 279 281 282 282 282 281 281 280 279 279 279 279 280 281 283 284 286 287 289 290 291 292 293 294 294 294 293 291 288 285 281 278 275 273 271 271 270 270 271 271 272 272 272 272 272 272 272 272 271 271 271 270 270 270 270 269 269 268
285 283 281 279 277 275 273 272 272 273 275 278 281 284 286 288 289 289 289 287 285 282 279 277 275 274 275 275 276 278 279 281 281 282 281 281 280 279 279 279 279 279 280 281 283 284 286 287 289 290 291 292 292 293 293 293 292 290 287 284 280 277 275 273 271 270 270 270 271 271 272 272 272 272 272 272 272 271 271 270 270 269 269 269 268 267 266 265
