raw_predictors/buf_land_ENVS/X5m_mean_00s_bio7.asc
NCOLS 685 
NROWS 631 
XLLCORNER -91.732961667 
YLLCORNER -37.473667521 
CELLSIZE 0.08331 
NODATA_value -9999 
[rows 234 to 272 of 631, columns 528 to 615 of 685]
154 152 151 148 146 144 141 139 137 136 135 134 134 133 132 131 131 130 131 131 131 132 133 134 135 136 137 138 140 141 143 144 145 146 147 147 148 148 149 151 152 153 155 156 157 159 160 162 162 163 163 162 161 161 160 159 158 157 156 155 154 153 154 155 157 160 164 170 177 184 191 196 200 203 203 201 200 197 194 192 192 193 195 199 202 206 210 212
157 155 152 150 147 144 142 139 137 136 136 135 135 135 135 134 134 134 134 134 134 135 135 136 136 137 138 139 140 142 143 145 146 147 148 149 150 151 153 154 155 157 157 158 159 160 160 161 161 161 161 160 159 159 158 158 157 156 156 155 154 154 155 156 158 161 166 171 178 185 191 197 201 203 203 202 200 198 195 193 193 194 197 200 204 208 211 214
157 155 152 150 147 144 141 138 137 136 136 136 136 137 137 137 137 137 137 137 137 137 137 138 138 139 140 141 142 143 144 146 147 148 149 151 152 153 155 156 158 158 159 159 159 159 159 159 159 159 158 157 157 156 156 156 156 155 155 155 154 155 155 157 159 162 167 172 179 186 192 198 201 204 204 203 201 199 197 196 195 197 199 202 206 210 213 216
156 154 151 148 145 142 139 137 135 135 135 136 137 139 140 140 141 141 141 141 141 140 140 140 140 141 141 142 143 144 146 147 149 150 151 152 153 155 156 157 158 159 159 159 158 158 157 157 156 155 155 154 154 154 154 155 155 155 154 154 154 155 156 158 160 163 168 173 180 186 193 198 202 204 205 204 203 201 200 199 199 200 202 205 209 212 215 217
154 152 149 146 143 140 137 135 134 134 135 136 138 141 143 144 145 145 145 145 145 144 143 143 143 143 144 144 145 147 148 149 151 152 153 153 154 155 156 157 158 158 158 157 156 155 154 154 153 152 152 151 151 152 153 153 153 154 154 154 154 155 156 158 161 164 168 174 180 187 193 199 203 205 206 206 205 204 203 202 202 204 206 209 212 215 217 219
154 151 149 146 143 140 137 134 133 134 135 138 141 144 146 148 149 150 150 150 149 148 147 146 146 146 146 147 148 149 150 152 153 153 154 154 155 155 156 156 157 156 156 155 154 152 151 150 150 149 149 149 149 150 151 152 152 153 153 153 153 154 156 158 161 164 169 174 181 187 194 199 203 206 207 208 207 207 206 205 206 207 209 212 215 217 219 221
154 152 149 147 144 141 138 136 135 135 137 140 144 147 151 153 155 155 155 155 154 152 151 150 149 149 149 150 151 152 153 154 154 155 155 154 154 154 155 155 154 154 153 152 151 149 148 147 147 146 146 147 147 148 149 150 151 151 152 152 152 153 155 157 160 164 168 174 181 187 194 200 204 207 209 209 209 209 208 208 209 210 212 214 217 219 221 222
157 155 152 150 147 144 141 139 138 139 141 144 148 152 156 159 160 161 161 160 159 158 156 155 154 153 153 153 154 155 155 156 156 156 155 154 153 153 152 152 151 150 149 148 147 146 146 145 145 144 144 145 146 147 148 149 150 150 150 151 151 152 153 156 159 163 167 173 180 187 194 200 205 208 210 211 211 211 210 210 211 212 214 216 218 220 222 223
162 160 157 154 152 149 146 144 143 144 147 150 154 158 162 165 166 167 167 166 165 163 161 160 158 158 157 157 157 158 158 158 157 156 155 154 152 151 149 148 147 146 145 144 144 143 143 143 143 143 143 144 144 145 147 147 148 149 149 149 149 150 152 154 157 161 166 172 179 187 194 200 205 209 211 212 212 212 212 212 212 213 215 217 219 221 223 224
168 166 164 161 158 155 153 151 150 151 154 157 161 165 168 171 172 173 173 172 171 169 167 165 164 162 162 161 161 161 160 159 158 157 155 153 150 148 146 144 142 141 141 140 140 141 141 141 142 142 143 143 144 144 145 146 147 147 147 147 148 148 150 152 155 160 165 171 179 186 194 200 205 209 211 213 213 213 212 212 212 214 215 217 220 222 223 224
175 173 171 168 165 163 160 158 158 159 161 164 168 172 175 177 178 179 179 178 176 174 172 171 169 167 166 165 164 163 162 161 159 157 154 151 148 146 143 140 138 137 137 137 138 138 139 140 141 142 142 143 143 144 144 145 145 145 146 146 146 147 148 151 154 158 164 171 178 186 194 200 206 209 212 213 213 213 212 212 212 213 215 217 220 222 223 224
181 179 177 175 172 169 167 165 165 166 168 171 175 178 180 182 183 184 183 182 181 179 178 176 174 172 171 169 168 166 164 162 160 157 154 151 147 144 140 138 135 134 134 134 136 137 139 140 141 142 142 143 143 143 143 143 144 144 144 145 145 146 148 150 153 158 163 170 178 186 194 200 206 210 212 213 213 213 212 211 212 213 215 217 219 222 223 224
185 183 181 179 177 175 172 171 171 172 174 177 180 182 185 186 187 187 187 186 185 184 182 181 179 177 175 173 171 168 166 163 160 157 154 150 146 143 139 136 134 133 133 134 135 137 139 140 142 142 143 143 143 143 143 143 143 143 144 144 145 146 148 151 154 158 164 171 178 186 194 200 206 210 212 213 213 212 212 211 211 213 214 217 219 222 223 225
186 185 183 181 180 178 176 175 175 176 178 180 183 185 187 189 189 190 190 189 188 187 186 185 183 181 179 176 173 170 167 164 160 157 153 150 146 143 139 136 134 133 133 134 136 138 140 141 143 143 144 143 143 142 142 142 142 143 144 145 146 148 150 152 156 160 166 173 180 187 194 201 206 209 211 212 213 212 211 211 211 213 215 217 219 222 224 225
184 183 182 181 180 179 178 178 178 179 181 183 185 187 188 189 190 191 191 191 191 190 190 189 187 185 182 179 175 172 168 164 160 156 153 150 147 144 141 138 137 136 136 137 138 140 142 143 144 145 144 144 143 143 142 142 142 143 144 146 148 150 153 156 159 164 169 175 182 188 195 201 205 209 211 212 212 212 211 211 212 213 215 217 220 222 224 225
180 180 179 179 179 178 178 178 179 180 182 183 185 187 188 189 190 190 191 191 192 192 192 192 191 189 185 182 177 173 168 163 159 156 153 151 148 146 144 142 141 140 140 140 141 143 144 145 146 146 146 145 144 143 142 142 143 144 145 148 150 153 156 160 164 168 173 179 184 190 196 201 205 208 210 211 212 212 211 211 212 213 215 218 220 223 224 226
176 176 175 176 176 177 178 179 180 181 182 183 185 186 187 188 188 189 190 191 192 193 194 194 194 191 188 184 179 174 168 163 159 156 154 152 150 149 148 146 145 145 145 145 145 146 147 148 148 148 147 146 145 144 143 143 143 145 147 150 153 157 161 165 169 173 178 182 187 192 197 201 205 208 210 211 211 212 212 212 213 214 216 218 221 223 225 226
173 172 172 173 175 176 177 178 180 181 182 183 184 185 186 186 187 188 189 191 193 194 196 196 196 194 190 186 181 175 169 164 160 157 155 154 153 153 152 151 151 150 150 149 149 150 150 150 150 149 148 147 146 145 144 144 145 147 149 153 157 161 165 170 174 178 182 187 191 195 199 202 205 208 209 211 212 212 212 213 214 215 217 219 222 224 226 227
171 170 171 172 174 175 177 178 180 181 182 183 183 184 185 185 186 187 189 190 192 194 196 197 197 195 192 187 182 176 171 166 161 159 157 157 157 157 157 156 156 155 154 153 153 152 152 152 151 151 149 148 147 146 145 145 146 149 152 156 161 165 170 175 179 183 187 191 194 197 200 203 206 208 210 211 212 213 213 214 215 217 218 220 223 225 226 228
171 171 171 172 174 175 177 179 180 181 182 183 183 184 184 185 186 187 188 190 192 194 196 197 197 196 193 189 184 179 173 168 165 162 161 161 161 161 161 161 160 159 158 157 156 155 154 153 152 151 150 149 148 147 147 147 149 152 155 160 165 170 175 180 184 188 191 194 197 200 202 205 207 209 210 212 213 214 215 216 217 218 220 222 224 226 227 228
174 173 173 174 175 177 178 179 181 181 182 183 183 184 185 185 186 187 188 190 192 194 195 196 196 195 193 190 186 181 177 172 169 167 166 166 166 166 165 165 164 163 161 160 158 157 155 154 153 152 151 150 149 149 149 150 152 155 159 164 169 174 179 184 188 192 195 198 200 202 204 206 208 210 212 213 215 216 217 218 219 220 222 224 225 227 228 229
178 177 177 178 178 179 180 181 181 182 183 184 184 185 186 186 187 188 189 190 192 193 194 195 195 195 193 190 187 184 181 177 175 173 172 171 171 170 169 168 167 165 164 162 160 158 156 155 153 152 151 151 150 151 151 153 155 159 163 168 173 178 183 188 192 195 198 201 203 205 207 208 210 212 213 215 217 218 219 220 222 223 224 226 227 228 229 230
184 183 182 182 182 182 182 182 183 183 184 185 185 186 187 188 188 189 190 191 192 193 193 194 194 193 192 191 189 187 185 183 181 179 178 177 176 174 173 172 170 168 165 163 161 159 157 155 154 153 152 152 152 153 155 157 159 163 167 172 177 182 186 191 195 198 201 204 206 207 209 211 212 214 215 217 219 220 221 223 224 225 226 228 229 229 230 230
189 188 187 186 185 185 184 184 184 185 185 186 187 188 189 189 190 190 191 191 192 192 193 193 193 193 192 192 191 190 189 188 186 185 183 182 180 178 177 174 172 170 167 165 163 160 158 157 155 154 154 154 155 156 158 161 164 167 171 176 181 185 190 194 198 201 204 206 208 210 211 213 214 216 217 219 221 222 224 225 226 227 228 229 230 230 231 231
193 192 191 190 189 188 187 186 186 187 187 188 189 189 190 191 191 192 192 192 192 192 192 192 192 192 192 193 193 193 193 192 191 190 188 186 184 182 180 177 175 172 170 167 165 162 160 159 157 156 157 157 159 160 163 165 168 172 176 180 184 189 193 197 200 203 206 208 210 211 213 214 216 217 219 220 222 224 225 226 228 229 230 230 231 231 231 231
196 195 194 192 191 190 189 189 188 189 189 190 190 191 192 192 193 193 193 193 193 192 192 192 192 192 193 194 194 195 195 195 195 194 192 190 188 185 183 180 178 175 172 170 168 165 163 162 161 160 160 161 163 165 167 170 173 177 180 184 188 192 196 200 203 206 208 210 211 213 214 215 217 218 220 221 223 225 226 227 229 230 230 231 231 232 232 232
197 196 195 194 193 192 192 191 191 191 191 192 192 193 193 194 194 194 194 194 193 193 193 193 193 193 194 195 196 197 197 198 197 196 194 193 190 188 186 183 181 178 176 174 171 169 168 166 165 165 165 166 168 170 172 175 178 182 185 189 192 196 199 202 205 208 210 211 213 214 215 216 218 219 220 222 223 225 226 228 229 230 230 231 231 232 232 232
197 196 195 195 194 194 194 193 193 193 194 194 194 195 195 195 195 195 195 195 194 194 194 194 194 195 195 196 197 198 199 199 199 198 196 195 193 190 188 186 184 182 180 178 176 174 173 171 171 170 171 172 174 176 178 181 183 186 190 193 196 199 202 205 207 209 211 213 214 215 216 217 218 219 221 222 223 225 226 227 228 229 230 231 231 231 232 232
196 196 196 195 196 196 196 196 196 196 196 196 196 196 196 196 196 196 196 196 196 196 196 196 196 196 197 198 199 199 200 200 200 199 198 196 194 193 191 189 187 185 184 182 181 179 178 177 177 177 177 178 180 182 184 186 189 191 194 197 200 202 205 207 209 211 213 214 215 216 217 218 219 220 221 222 223 224 225 226 227 228 229 230 231 231 232 232
196 196 196 196 197 197 198 198 199 199 199 199 199 198 198 198 198 197 197 197 197 198 198 198 198 199 199 200 200 200 201 201 200 200 199 197 196 195 193 192 190 189 188 187 186 185 184 183 183 183 183 184 186 187 189 191 193 196 198 201 203 206 208 209 211 213 214 215 216 217 218 219 219 220 221 222 223 224 225 226 227 228 228 229 230 231 232 232
196 196 196 197 198 199 200 201 202 202 202 202 201 201 200 200 199 199 199 199 200 200 200 200 201 201 201 201 202 202 202 202 201 201 200 199 198 197 196 195 194 193 192 191 190 190 189 189 189 189 190 190 191 193 194 196 198 200 202 204 207 209 210 212 213 214 215 216 217 218 219 219 220 221 221 222 223 224 224 225 226 227 228 229 230 231 231 232
197 197 197 198 200 201 203 204 205 205 205 204 204 203 203 202 202 202 201 202 202 202 203 203 203 203 203 203 203 203 203 203 202 202 201 200 200 199 198 197 197 196 196 195 195 195 195 194 194 195 195 196 197 198 199 200 202 204 206 208 210 211 213 214 215 216 217 218 219 219 220 220 221 221 222 222 223 223 224 225 226 226 227 229 230 231 231 232
198 198 199 200 202 203 205 206 207 208 208 207 207 206 205 205 204 204 204 204 205 205 205 206 206 206 206 206 205 205 205 204 204 203 203 202 202 201 201 200 200 200 200 200 199 199 199 199 199 200 200 201 201 202 203 204 205 207 209 211 212 214 215 216 217 218 219 219 220 221 221 221 222 222 222 223 223 224 224 225 226 226 227 229 230 231 232 232
200 200 201 203 204 206 207 209 210 210 210 210 209 209 208 208 207 207 207 207 207 208 208 208 208 208 208 208 207 207 206 206 206 205 205 204 204 204 203 203 203 203 203 203 203 203 203 203 204 204 204 205 205 206 206 207 208 210 211 213 215 216 218 219 220 220 221 221 222 222 222 222 223 223 223 223 224 224 225 225 226 227 228 229 230 231 232 232
203 203 204 205 207 208 210 211 212 213 213 213 212 211 211 211 210 210 210 210 210 210 211 211 211 211 210 210 209 209 208 208 208 207 207 207 206 206 206 206 206 206 207 207 207 207 207 207 207 207 208 208 208 209 209 210 211 212 214 215 217 218 219 221 221 222 222 223 223 223 223 224 224 224 224 224 225 225 225 226 227 227 228 229 230 231 232 232
205 205 206 207 209 211 212 213 214 215 215 215 215 214 214 213 213 213 213 213 213 213 213 213 213 213 213 212 212 211 211 210 210 209 209 209 209 209 209 209 209 209 210 210 210 210 210 210 210 210 211 211 211 211 212 212 213 214 215 217 218 220 221 222 223 223 223 224 224 224 224 224 225 225 225 225 225 226 226 227 227 228 229 230 231 232 232 233
208 208 208 210 211 213 214 216 217 217 217 217 217 216 216 216 216 215 215 215 215 216 216 216 216 215 215 214 214 213 213 212 212 212 212 211 211 211 211 212 212 212 212 212 213 213 213 213 213 213 213 213 213 213 214 214 215 216 217 218 219 220 221 222 223 223 224 224 224 224 225 225 225 226 226 226 226 227 227 228 228 229 230 230 231 232 233 233
210 210 210 212 213 215 216 217 218 219 219 219 219 218 218 218 218 218 217 217 218 218 218 218 218 218 217 217 216 216 215 215 214 214 214 214 214 214 214 214 214 214 215 215 215 215 215 215 215 215 215 215 215 215 216 216 216 217 218 219 219 220 221 221 222 222 223 223 224 224 225 225 226 226 226 227 227 228 228 228 229 230 230 231 232 233 233 233
211 211 212 213 215 216 218 219 220 221 221 221 220 220 220 220 219 219 219 219 220 220 220 220 220 220 219 219 218 218 217 217 217 216 216 216 216 216 216 216 216 217 217 217 217 217 216 216 216 216 217 217 217 217 217 217 218 218 218 219 219 219 220 220 220 221 221 222 223 224 224 225 226 227 227 228 228 228 229 229 230 230 231 232 233 233 234 234
