raw_predictors/buf_land_ENVS/X5m_mean_00s_bio1.asc
NCOLS 685 
NROWS 631 
XLLCORNER -91.732961667 
YLLCORNER -37.473667521 
CELLSIZE 0.08331 
NODATA_value -9999 
[rows 78 to 116 of 631, columns 176 to 263 of 685]
-9999 272 272 273 274 275 276 276 277 278 278 279 279 280 281 281 282 283 285 287 288 290 291 291 291 290 288 286 283 280 277 275 273 273 273 274 275 277 278 278 277 274 270 264 258 253 248 245 243 244 245 248 251 256 260 264 267 271 274 276 278 279 279 277 274 269 262 254 246 237 228 219 212 207 204 202 201 200 200 202 204 209 215 223 232 241 250 258
-9999 270 270 271 272 273 274 275 276 276 277 277 278 278 279 279 280 281 283 285 287 289 291 291 291 290 288 286 283 279 276 273 271 270 270 272 273 274 276 276 275 273 268 263 257 252 247 244 243 243 244 246 250 254 258 261 265 268 270 273 274 274 274 272 268 262 254 246 236 226 216 208 201 197 196 196 198 200 203 206 211 216 223 231 239 248 256 262
267 -9999 268 269 270 272 273 274 275 275 276 276 276 276 276 277 278 279 281 284 286 289 290 291 291 290 288 286 282 278 274 271 269 268 268 269 271 272 274 274 274 271 267 262 256 251 246 243 242 242 243 245 248 252 256 259 262 264 266 268 269 268 267 264 260 254 246 237 228 218 209 201 195 193 193 195 198 202 207 212 218 224 231 239 246 254 260 266
264 265 266 267 268 270 271 273 274 274 274 274 274 274 274 274 275 277 279 282 285 288 290 291 291 290 288 285 281 277 273 269 267 266 266 267 268 270 271 272 272 269 265 260 255 250 246 243 241 241 242 244 247 250 254 256 259 261 262 262 262 261 258 255 250 244 237 229 221 212 204 198 194 193 194 198 202 208 214 220 226 233 240 247 253 259 264 269
262 263 264 265 267 268 270 272 273 273 273 273 272 272 271 271 272 274 277 280 284 287 289 291 291 290 288 285 280 276 271 268 265 263 263 264 266 267 269 270 270 267 264 259 254 249 245 243 241 241 242 243 246 249 251 254 256 257 257 256 255 252 249 245 240 235 229 222 216 209 203 199 197 197 199 204 209 215 222 228 235 242 248 254 259 263 267 270
260 261 262 263 265 267 269 270 271 272 272 271 270 269 269 268 269 271 274 278 282 285 288 290 290 289 287 284 279 274 270 266 263 261 261 262 263 265 267 268 267 266 262 258 254 249 245 243 241 241 241 243 244 247 249 251 252 252 251 249 247 243 239 235 230 226 222 217 212 208 205 202 202 204 207 212 217 224 231 238 244 250 256 260 264 267 269 271
258 259 260 262 263 265 267 269 270 270 270 269 268 267 266 265 266 268 271 275 279 283 286 288 289 288 285 282 278 273 268 264 261 260 259 260 261 263 265 266 266 264 261 258 253 249 246 243 242 241 241 242 243 244 246 247 247 246 245 242 239 235 230 226 222 219 216 214 211 209 208 208 209 212 216 221 226 233 240 246 252 258 262 266 268 270 271 272
257 258 259 260 262 264 266 267 268 268 268 267 265 264 263 262 263 265 268 272 276 280 283 285 286 285 283 280 275 271 266 262 260 258 258 258 259 261 263 264 264 263 260 257 254 250 247 245 243 242 241 241 241 241 241 241 241 240 237 234 231 227 223 219 216 214 213 213 212 212 213 214 217 220 224 230 235 241 248 254 259 264 267 270 271 272 272 272
256 257 258 259 261 262 264 266 266 266 265 264 263 261 260 259 260 261 264 268 272 276 279 281 282 281 279 276 272 268 264 261 258 257 256 257 258 259 261 262 263 262 260 258 255 252 249 247 245 244 242 241 239 237 236 235 233 231 229 226 223 220 217 215 213 213 213 214 215 216 218 221 224 229 233 238 243 249 254 259 264 268 271 272 273 273 272 272
256 256 257 258 259 261 263 264 264 264 263 261 260 258 257 256 256 257 260 264 267 271 274 276 277 277 275 272 269 265 262 259 257 255 255 256 257 258 260 261 262 261 260 259 257 254 252 250 248 246 243 240 237 233 230 227 224 222 220 218 216 214 213 213 213 214 215 217 219 222 225 228 232 236 241 245 250 254 259 263 267 270 272 274 274 274 273 272
256 256 257 257 258 260 261 262 262 262 260 259 257 255 253 252 252 253 256 259 262 266 268 270 271 271 270 268 265 262 259 257 255 254 255 255 256 258 259 261 261 261 261 260 258 257 255 253 251 248 244 239 234 229 223 219 215 213 211 210 210 210 211 212 214 217 219 222 225 228 231 235 239 243 247 251 255 259 262 266 269 271 273 274 274 274 273 273
257 257 256 257 258 259 260 260 260 260 258 256 254 252 250 249 248 249 251 253 256 259 262 264 265 265 264 263 261 259 257 255 254 254 254 255 256 258 259 260 261 262 261 261 260 260 258 256 254 250 245 238 231 224 217 211 206 203 202 203 204 207 210 213 217 221 224 227 231 234 238 242 246 250 253 256 259 262 265 267 269 271 273 273 274 274 273 273
258 257 257 257 257 258 259 259 259 258 256 254 251 249 246 245 244 244 246 248 250 253 255 257 258 258 258 257 256 255 254 253 253 253 254 255 256 258 259 261 262 262 262 262 262 262 261 259 256 251 245 237 228 219 210 203 197 195 194 196 200 204 209 214 219 224 228 232 236 240 244 248 252 255 258 261 263 265 267 268 270 271 272 273 273 273 273 273
259 257 257 257 257 258 258 258 258 256 254 251 248 245 243 240 239 239 240 242 244 246 248 249 250 251 251 251 251 251 251 251 252 253 254 255 257 258 260 261 262 263 263 263 264 263 262 260 257 251 244 235 225 214 204 196 190 187 187 190 195 201 208 215 221 227 232 236 241 245 249 253 257 260 262 264 266 267 268 269 270 271 272 272 273 273 273 273
259 258 257 257 257 258 258 258 257 255 253 249 245 242 239 236 234 233 234 235 237 239 240 242 243 244 245 246 247 248 248 250 251 252 254 256 258 259 261 262 263 263 264 264 264 264 263 260 256 251 243 233 222 210 199 190 183 181 182 185 191 198 206 214 222 229 234 239 244 248 253 257 261 264 266 267 268 269 269 270 270 271 271 272 272 273 273 273
260 259 258 257 257 258 258 258 257 255 251 247 243 239 235 231 229 227 227 228 230 231 233 234 235 237 238 240 242 244 246 248 250 252 254 256 258 260 262 263 264 264 264 265 264 264 262 259 255 249 240 230 218 206 194 185 178 175 177 181 188 196 205 214 222 229 236 241 246 251 256 260 263 266 268 269 270 270 270 270 271 271 271 272 272 272 273 273
261 259 258 258 258 258 259 258 257 254 251 246 240 235 231 226 223 222 221 221 222 224 225 227 228 230 232 235 237 240 243 246 249 251 254 257 259 261 263 264 265 265 265 265 264 263 261 258 253 246 237 227 215 202 190 181 174 171 173 178 185 193 203 212 221 229 236 242 247 252 257 261 265 268 270 271 271 271 271 271 271 271 271 272 272 272 272 273
262 260 259 259 259 259 259 259 257 254 250 244 238 232 227 222 218 216 215 215 216 217 218 220 221 224 226 229 233 236 240 244 247 251 254 257 259 262 263 265 265 265 265 264 263 261 259 255 249 242 234 223 211 199 187 177 171 168 170 175 182 191 201 211 220 228 236 242 248 253 258 262 266 269 271 272 272 272 272 271 271 271 271 271 272 272 272 273
263 261 260 259 259 260 260 259 257 254 249 243 236 230 224 218 214 211 210 210 210 211 212 214 215 218 221 225 229 233 238 242 247 251 254 257 260 262 264 265 266 265 264 263 261 259 256 252 246 239 230 219 208 196 184 175 168 166 168 173 180 189 198 209 218 227 234 241 247 253 258 263 266 270 272 273 273 273 272 272 271 271 271 271 272 272 272 273
264 262 261 260 260 260 260 259 257 253 248 241 234 228 221 215 211 208 206 205 205 206 207 208 210 213 217 221 226 231 236 241 246 251 254 258 261 263 265 265 265 265 263 262 259 257 253 248 242 235 226 216 205 193 182 173 167 164 166 171 177 186 195 205 215 224 232 239 246 252 258 263 267 270 273 274 274 273 273 272 271 271 271 271 271 272 272 272
266 264 263 262 261 261 260 259 256 252 247 240 233 226 219 213 209 205 203 202 202 202 203 204 206 209 213 218 223 229 235 241 246 251 255 258 261 263 265 265 265 264 262 260 257 254 249 244 238 231 222 212 201 190 180 171 165 163 164 169 175 183 192 201 211 220 228 236 244 251 257 263 268 272 274 275 275 274 273 272 271 271 271 271 271 272 272 272
267 266 264 263 262 261 260 258 255 251 245 239 232 225 219 213 208 204 202 200 199 199 200 201 203 206 210 215 221 228 235 241 247 252 256 259 261 263 264 264 264 262 260 257 254 250 246 240 234 227 219 209 199 188 178 170 164 162 163 167 172 179 188 197 206 216 225 233 242 250 257 264 269 273 275 276 276 275 273 272 271 270 270 271 271 271 272 272
269 267 266 264 263 261 259 257 254 250 244 238 231 225 218 212 208 204 201 199 198 197 197 198 200 204 208 214 220 227 234 241 247 252 256 259 261 263 263 263 262 260 257 254 250 246 242 236 230 223 215 206 196 186 176 169 163 161 162 165 170 176 184 193 202 211 221 231 240 249 257 264 270 274 277 277 277 275 273 272 271 270 270 271 271 271 272 272
271 269 267 265 263 261 259 256 253 248 243 237 230 224 218 213 208 204 201 199 197 196 196 197 199 202 207 212 220 227 235 242 248 253 257 259 261 262 262 261 259 257 254 250 247 242 238 232 226 219 211 202 193 183 175 167 162 160 161 164 168 174 181 189 198 208 218 228 238 248 257 265 271 276 278 279 278 276 274 272 271 270 270 270 271 271 271 272
272 270 268 266 264 261 259 256 252 247 242 236 230 224 218 213 208 204 201 199 197 196 195 196 198 201 206 212 219 227 235 243 249 254 257 259 260 261 260 259 257 254 250 247 243 238 233 228 221 215 207 199 190 181 173 166 161 159 160 163 167 172 179 187 196 206 216 227 238 248 257 265 272 277 279 279 278 276 274 272 270 270 270 270 270 271 271 272
272 271 269 266 264 261 258 255 251 246 241 235 229 223 217 212 208 204 201 198 196 195 195 195 197 200 205 211 219 227 236 243 250 254 257 259 259 259 258 256 253 250 246 242 238 233 228 223 217 210 203 195 186 178 170 164 160 158 159 162 167 172 179 187 196 206 216 227 238 248 257 266 272 277 279 280 278 276 274 272 270 270 270 270 270 271 271 272
273 271 269 266 264 261 258 255 251 246 240 234 228 222 216 211 207 203 200 198 196 195 194 195 197 200 205 211 219 228 236 243 250 254 257 258 258 257 256 253 250 246 242 238 233 228 223 218 211 205 198 190 182 175 167 162 158 157 159 162 167 173 181 189 199 208 218 229 239 249 258 266 272 277 279 279 278 276 274 271 270 269 269 270 270 271 271 272
272 271 269 266 264 261 258 254 250 245 240 233 227 221 215 210 205 202 199 197 195 194 194 195 197 200 205 212 219 228 236 244 250 254 256 257 256 255 253 250 246 242 238 233 228 223 218 212 206 200 193 186 178 171 164 159 156 156 158 163 169 176 184 193 203 212 222 232 241 250 259 266 272 276 279 279 278 275 273 271 270 269 269 270 270 271 271 272
272 270 268 266 263 261 258 254 250 245 239 233 226 220 214 208 204 200 197 196 194 194 194 195 197 201 206 212 220 228 236 243 249 253 255 255 254 252 249 246 242 237 233 228 223 218 213 207 201 195 188 181 174 167 161 157 154 155 158 164 171 179 189 198 208 218 227 235 244 252 260 266 272 276 278 278 277 275 273 271 270 269 269 270 270 271 271 272
271 269 267 265 263 260 258 254 250 245 239 232 226 219 213 207 202 199 196 195 194 194 194 196 198 202 206 213 220 228 236 243 249 252 254 253 252 249 246 242 237 233 228 223 218 213 207 202 196 190 183 177 170 163 158 154 153 154 159 166 174 184 194 205 215 224 232 240 247 254 261 267 271 275 277 277 276 274 272 270 269 269 269 270 270 271 271 272
270 269 267 265 263 260 258 255 251 246 240 233 226 219 212 206 202 198 196 195 194 194 195 197 199 203 207 213 220 228 236 243 248 251 252 251 249 246 242 238 233 228 222 217 212 207 202 196 190 184 178 172 166 160 155 152 152 154 160 168 178 189 201 212 222 231 238 245 251 257 262 267 271 274 275 276 275 273 272 270 269 269 269 270 270 271 271 272
269 268 266 265 263 261 258 255 251 246 240 234 226 220 213 207 202 199 197 195 195 195 196 197 200 203 208 213 220 228 236 242 247 250 251 249 246 243 239 234 228 223 217 212 206 201 196 190 185 179 173 168 162 157 154 152 152 156 163 172 183 195 208 219 229 238 245 250 255 260 264 267 271 273 274 274 274 272 271 270 269 269 269 270 270 271 271 272
269 268 266 265 263 261 259 256 252 248 242 235 228 221 215 209 204 201 198 197 196 196 197 198 200 203 208 213 220 228 235 242 247 249 249 247 244 240 236 230 224 218 212 206 201 195 189 184 179 174 169 164 159 156 153 152 154 159 167 177 189 202 215 227 237 245 251 255 259 262 265 268 270 272 273 273 273 272 271 270 269 269 269 270 270 271 271 272
269 268 266 265 264 262 260 257 254 249 243 237 230 223 217 211 207 203 200 198 197 197 197 198 200 203 207 213 220 227 235 241 246 248 248 245 242 237 232 226 220 213 207 201 195 189 183 178 173 168 164 161 158 155 154 154 157 163 172 183 196 209 223 235 244 252 257 260 263 265 267 269 270 271 272 272 272 271 270 270 269 269 269 270 270 271 271 272
269 268 267 266 264 263 261 258 255 251 245 239 232 226 220 214 210 206 203 200 199 198 197 198 200 202 206 212 219 227 234 241 245 247 246 243 239 234 229 222 215 209 202 195 189 183 177 172 167 164 161 158 157 156 156 158 162 169 178 190 203 217 230 242 251 258 262 265 266 267 268 269 270 271 271 272 271 271 270 270 269 269 270 270 270 271 271 272
270 269 268 266 265 264 262 260 256 252 247 241 235 229 223 218 213 209 205 202 200 198 197 197 199 201 205 211 218 226 234 240 244 246 245 241 236 231 225 218 211 204 197 190 184 178 172 167 163 160 158 158 157 158 160 163 168 176 186 198 211 224 237 248 257 263 266 268 269 269 270 270 270 271 271 271 271 270 270 270 270 270 270 270 270 271 271 271
270 269 268 267 266 265 263 260 257 253 248 243 237 231 225 220 215 211 207 203 201 198 197 196 197 199 203 209 216 225 233 239 244 245 243 239 234 228 221 213 206 199 192 185 179 173 167 163 160 158 157 158 160 162 165 170 176 184 194 206 219 231 243 254 262 267 270 271 271 271 270 270 270 270 270 270 270 270 270 270 270 270 270 270 270 271 271 271
270 270 269 268 266 265 263 261 258 254 249 244 238 232 227 221 216 212 208 204 200 198 196 195 195 197 201 207 214 223 231 238 242 243 241 236 230 223 216 208 200 193 186 180 174 169 164 160 158 157 158 160 164 168 172 178 185 194 204 215 227 238 249 259 266 270 272 273 272 272 271 270 270 270 270 270 270 270 270 270 270 270 270 270 270 270 271 271
271 270 269 268 266 265 263 261 257 254 249 244 238 233 227 222 217 212 207 203 199 196 194 192 193 194 198 204 212 221 229 236 240 241 239 233 226 219 211 202 195 188 181 175 170 166 162 159 158 159 161 165 169 175 181 188 196 204 214 225 235 245 255 263 268 272 274 274 273 272 271 270 269 269 269 269 269 269 269 269 269 270 270 270 270 270 270 270
