raw_predictors/buf_land_ENVS/X5m_mean_00s_bio7.asc
NCOLS 685 
NROWS 631 
XLLCORNER -91.732961667 
YLLCORNER -37.473667521 
CELLSIZE 0.08331 
NODATA_value -9999 
[rows 156 to 194 of 631, columns 352 to 439 of 685]
88 86 85 85 84 84 85 85 85 85 84 84 84 84 83 83 83 83 82 83 83 83 84 84 84 85 85 85 85 86 86 86 87 87 87 87 86 86 85 85 84 83 83 82 82 81 81 81 81 81 81 81 81 81 81 82 82 82 82 82 82 82 81 81 81 82 82 83 84 85 86 87 88 88 88 87 86 86 85 85 85 85 84 84 84 84 83 83
87 86 85 85 84 84 84 84 84 84 84 83 83 83 82 82 82 81 81 81 82 82 83 83 83 84 84 84 84 84 85 85 85 85 85 85 85 84 84 83 83 82 82 81 81 81 81 81 81 81 81 81 81 82 82 83 83 84 84 84 84 84 84 84 84 85 85 86 86 87 87 88 88 88 87 87 87 86 86 86 86 86 86 86 85 85 85 85
87 86 85 85 84 84 84 84 84 83 83 83 82 82 81 81 81 80 80 81 81 81 82 82 83 83 83 83 83 83 84 84 84 84 84 84 84 83 83 83 82 82 81 81 81 80 80 80 81 81 81 81 82 83 83 84 85 85 86 87 88 88 88 89 89 89 89 89 89 89 88 88 88 88 87 87 87 86 86 86 87 87 87 87 87 87 87 87
86 86 85 85 84 84 84 84 83 83 83 82 82 81 81 80 80 80 80 80 80 81 81 82 82 82 82 83 83 83 83 83 83 83 83 83 83 83 82 82 82 81 81 81 80 80 80 80 80 81 81 82 82 83 84 85 86 88 89 90 92 93 93 94 94 94 94 93 92 91 90 89 88 87 87 87 86 87 87 87 88 88 88 89 89 90 90 90
86 85 85 85 84 84 84 84 83 83 82 82 81 81 81 80 80 80 79 80 80 80 81 81 81 82 82 82 82 83 83 83 83 83 83 83 83 83 82 82 82 81 81 81 80 80 80 80 80 81 81 82 83 84 85 87 88 90 92 94 96 97 99 100 100 100 99 97 95 93 91 89 88 87 86 86 86 87 87 88 89 89 90 91 91 92 93 93
85 85 85 85 84 84 84 83 83 83 82 82 81 81 80 80 79 79 79 79 80 80 80 81 81 81 81 82 82 83 83 83 83 84 83 83 83 83 82 82 82 81 81 81 80 80 80 80 81 81 82 83 84 85 86 88 90 92 94 97 99 102 103 105 105 105 103 101 98 95 92 90 88 87 86 86 86 87 88 89 89 90 91 92 94 95 95 96
85 85 85 85 84 84 84 83 83 83 82 82 81 81 80 80 79 79 79 79 79 80 80 80 80 81 81 82 82 82 83 83 83 84 83 83 83 83 82 82 82 81 81 81 81 81 81 81 81 81 82 83 84 86 87 89 91 93 96 99 102 105 107 109 109 109 107 104 100 97 93 90 88 86 86 86 86 87 88 89 90 91 93 94 95 96 98 98
85 85 85 84 84 84 84 83 83 82 82 81 81 80 80 79 79 79 79 79 79 79 80 80 80 80 81 81 82 82 83 83 83 83 83 83 83 83 82 82 82 82 81 81 81 81 81 81 82 82 83 84 85 86 88 90 92 94 97 100 103 106 109 110 111 110 108 105 101 97 94 90 88 86 86 86 86 87 89 90 91 92 94 95 96 98 99 99
85 84 84 84 84 84 84 83 83 82 82 81 81 80 79 79 78 78 78 78 79 79 79 80 80 80 81 81 81 82 82 83 83 83 83 83 83 82 82 82 82 82 82 82 82 82 82 82 83 83 84 85 86 87 89 90 92 95 98 101 104 106 109 110 111 110 108 105 101 97 93 90 88 86 85 86 86 88 89 91 92 93 95 96 97 98 99 99
84 84 84 84 84 84 83 83 83 82 82 81 80 80 79 78 78 78 78 78 78 79 79 80 80 80 80 81 81 81 82 82 82 82 82 82 82 82 82 82 82 82 82 82 83 83 83 84 84 84 85 86 87 88 89 91 92 95 97 100 102 105 107 108 108 108 106 103 100 96 93 90 87 86 86 86 87 88 90 91 93 94 95 96 97 98 98 98
84 84 84 84 84 84 83 83 83 82 81 81 80 79 78 78 77 77 77 78 78 79 79 79 80 80 80 81 81 81 81 81 81 81 81 81 82 82 82 82 82 82 83 83 83 84 84 85 85 86 86 87 88 88 89 91 92 94 96 98 100 102 104 105 105 104 103 100 97 94 91 89 87 86 86 86 87 89 90 92 93 94 95 96 96 96 97 96
83 84 84 84 84 84 83 83 83 82 81 81 80 79 78 77 77 77 77 77 78 78 79 79 80 80 80 80 80 80 80 80 80 81 81 81 81 81 82 82 82 83 83 84 84 85 85 86 86 87 87 88 88 89 89 90 91 93 94 96 98 99 100 101 101 100 99 97 95 93 90 88 87 86 86 87 88 89 91 92 94 95 95 95 95 95 95 94
83 84 84 84 84 84 83 83 82 82 81 80 79 79 78 77 77 77 77 77 78 78 79 79 80 80 80 80 80 80 80 80 80 80 80 80 81 81 81 82 82 83 83 84 85 85 86 87 87 88 88 88 89 89 89 90 91 92 93 94 95 96 97 97 97 96 96 94 93 91 89 88 87 87 87 87 88 89 91 93 94 95 95 95 94 93 93 92
84 84 84 84 84 84 83 83 82 82 81 80 79 78 78 77 77 77 77 77 78 78 79 79 80 80 80 80 80 79 79 79 79 79 80 80 80 81 81 82 82 83 83 84 85 86 86 87 88 88 89 89 89 89 89 90 90 91 91 92 93 93 93 94 93 93 93 92 91 90 89 88 87 87 87 88 89 90 91 92 93 94 94 94 93 92 91 90
85 85 85 84 84 84 83 83 82 81 81 80 79 78 78 77 77 77 77 77 78 78 79 79 79 79 79 79 79 79 79 79 79 79 79 79 80 80 81 81 82 83 83 84 85 86 86 87 88 88 89 89 89 89 89 89 89 89 90 90 91 91 91 91 91 90 90 90 89 89 88 88 88 88 88 88 89 90 91 92 93 93 93 92 91 90 89 88
86 86 85 85 84 84 83 83 82 81 80 80 79 78 78 77 77 77 77 77 78 78 78 79 79 79 79 79 79 79 79 79 79 79 79 79 80 80 80 81 81 82 83 84 84 85 86 87 87 88 88 88 88 88 88 88 88 89 89 89 89 89 89 89 89 89 88 88 88 88 88 88 88 88 88 89 89 90 91 92 92 92 92 91 90 89 88 87
87 86 86 85 85 84 83 82 82 81 80 80 79 79 78 78 78 77 78 78 78 78 78 79 79 79 79 79 79 79 79 79 79 79 79 79 79 80 80 80 81 82 82 83 84 85 85 86 87 87 87 88 88 88 88 88 88 88 88 88 88 87 87 87 87 87 87 88 88 88 88 88 89 89 89 89 89 90 90 91 91 92 91 90 89 88 87 86
88 87 87 86 85 84 83 82 81 80 80 79 79 79 78 78 78 78 78 78 78 78 78 78 78 78 78 78 78 78 78 79 79 79 79 79 79 79 80 80 81 81 82 82 83 84 85 85 86 86 87 87 87 87 87 87 87 87 87 87 87 87 87 86 86 87 87 87 88 88 89 89 89 90 90 90 90 90 90 91 91 91 91 90 89 88 87 86
88 87 87 86 85 84 83 82 81 80 79 79 79 79 79 79 79 79 79 78 78 78 78 78 78 78 78 78 78 78 78 79 79 79 79 79 79 79 80 80 80 81 81 82 82 83 84 85 85 86 86 86 87 87 87 87 87 87 87 87 86 86 86 86 86 86 87 87 88 89 89 90 90 91 91 91 91 91 91 91 91 91 91 91 90 89 88 87
88 87 86 85 84 83 82 81 80 79 79 79 79 79 79 79 79 79 79 79 79 78 78 78 78 78 78 78 78 78 79 79 79 79 79 79 79 79 79 80 80 80 81 81 82 83 83 84 85 85 86 86 86 87 87 87 87 87 87 87 86 86 86 86 86 86 87 88 88 89 90 91 91 92 92 92 92 92 92 92 93 93 92 92 91 90 89 89
87 87 86 84 83 82 81 80 79 79 79 79 79 79 79 80 80 80 80 79 79 79 78 78 78 78 78 78 78 78 79 79 79 79 79 79 79 79 79 80 80 80 81 81 82 82 83 84 84 85 86 86 86 87 87 87 87 87 87 87 87 87 86 86 87 87 88 88 89 90 91 92 93 93 93 94 94 94 94 94 95 95 95 94 94 93 92 91
86 85 84 83 82 81 80 79 78 78 78 78 79 79 80 80 80 80 80 80 79 79 79 78 78 78 78 78 78 79 79 79 79 79 79 79 79 79 79 80 80 80 81 81 82 82 83 84 84 85 86 86 87 87 87 87 88 88 88 87 87 87 87 87 87 88 89 89 90 91 92 93 94 95 95 95 96 96 97 97 98 98 98 97 97 96 95 95
85 84 83 82 81 80 79 78 77 77 77 78 78 79 80 80 81 81 81 80 80 79 79 78 78 78 78 78 79 79 79 79 80 80 80 80 80 80 80 80 80 80 81 81 82 83 83 84 85 85 86 86 87 87 88 88 88 88 88 88 88 88 88 88 89 89 90 91 92 93 94 94 95 96 97 97 98 99 100 100 101 101 101 101 100 100 99 98
83 82 81 80 79 78 77 77 76 76 77 77 78 79 80 80 81 81 81 81 80 80 79 79 78 78 78 79 79 79 80 80 80 80 80 80 80 80 80 80 80 80 81 82 82 83 84 84 85 86 86 87 87 88 88 88 89 89 89 89 89 89 89 89 90 90 91 92 93 94 95 96 97 97 98 99 100 101 102 103 104 104 104 104 104 103 103 102
81 80 79 79 78 77 76 76 75 76 76 77 78 79 80 81 81 82 81 81 81 80 79 79 79 79 79 79 79 80 80 80 81 81 81 81 81 80 80 80 81 81 81 82 83 84 84 85 86 86 87 87 88 88 88 89 89 89 89 89 89 89 90 90 91 91 92 93 94 95 95 96 98 99 100 101 102 103 104 105 106 107 107 107 107 106 105 104
79 79 78 77 76 75 75 74 74 75 75 76 77 78 80 81 81 82 82 81 81 80 80 79 79 79 79 79 80 80 81 81 81 81 81 81 81 81 81 81 81 81 82 83 83 84 85 86 86 87 87 88 88 88 89 89 89 89 89 89 89 90 90 91 91 92 93 93 94 95 96 97 98 99 101 102 103 105 106 107 108 109 109 109 108 108 107 106
78 77 76 75 75 74 73 73 73 74 74 76 77 78 79 80 81 82 82 81 81 80 80 79 79 79 79 80 80 81 81 81 82 82 82 82 82 82 82 82 82 82 83 83 84 85 86 87 87 88 88 88 89 89 89 89 89 89 89 89 89 90 90 91 91 92 93 94 95 96 97 98 99 100 101 103 104 105 107 108 109 110 110 110 109 109 108 106
77 76 75 74 73 73 72 72 72 73 74 75 76 78 79 80 81 82 82 81 81 80 80 80 80 80 80 80 81 81 82 82 82 83 83 82 82 82 82 82 83 83 84 84 85 86 87 88 88 89 89 89 89 89 89 89 89 89 89 89 89 89 90 91 91 92 93 94 95 96 97 98 99 101 102 103 104 106 107 108 109 110 110 110 109 109 108 106
76 75 74 73 73 72 72 71 72 72 73 74 76 77 78 80 81 81 81 81 81 80 80 80 80 80 80 81 81 82 82 83 83 83 83 83 83 83 83 83 83 84 84 85 86 87 88 89 90 90 90 90 90 89 89 89 89 88 88 89 89 89 90 90 91 92 93 94 95 96 97 99 100 101 102 104 105 106 107 108 109 110 110 110 109 108 107 105
75 74 73 73 72 72 71 71 71 72 73 74 75 77 78 79 80 81 81 81 81 80 80 80 80 80 81 81 82 82 83 83 84 84 84 84 84 84 84 84 84 85 85 86 87 88 89 90 91 91 91 91 90 90 89 89 89 89 89 89 89 90 90 91 92 92 93 95 96 97 98 100 101 102 104 105 106 107 108 109 109 110 110 110 109 108 107 105
75 74 73 73 72 72 71 71 71 72 73 74 75 76 78 79 80 80 81 80 80 80 80 80 80 80 81 81 82 83 83 84 84 84 84 84 84 84 84 84 85 85 86 87 88 89 90 91 92 92 92 91 91 90 90 90 89 89 89 90 90 90 91 92 93 94 95 96 97 99 100 102 103 104 105 107 107 108 109 110 111 111 111 111 110 109 107 106
75 74 74 73 73 72 72 72 72 72 73 74 75 76 77 78 79 80 80 80 80 80 80 80 80 80 81 81 82 83 83 84 84 85 85 85 85 85 85 85 85 86 86 87 88 89 91 91 92 92 92 92 91 91 91 90 90 90 91 91 92 92 93 94 95 96 97 99 100 102 103 105 106 107 109 110 111 111 112 113 113 114 114 113 112 111 110 108
75 75 75 74 74 73 73 73 73 73 74 75 75 76 77 78 79 79 79 79 79 79 79 79 80 80 81 82 82 83 84 84 85 85 85 85 85 85 85 85 85 86 86 87 88 89 90 91 92 92 92 92 92 92 92 92 92 92 92 93 94 95 96 97 98 100 101 102 104 106 107 109 110 112 113 114 115 116 116 117 118 118 118 117 116 115 113 112
76 76 76 76 75 75 75 75 75 75 75 76 76 77 77 78 78 78 79 79 79 79 79 79 80 80 81 82 82 83 84 84 85 85 85 85 85 85 85 85 85 86 86 87 88 89 90 91 91 92 92 92 93 93 93 93 94 94 95 96 97 98 99 101 102 104 105 107 109 110 112 114 116 117 119 120 121 121 122 122 123 123 123 122 121 120 119 117
78 78 78 77 77 77 77 77 76 76 76 77 77 77 77 77 78 78 78 78 78 78 79 79 79 80 81 82 82 83 84 85 85 85 85 85 85 85 85 85 85 86 86 87 88 89 90 90 91 92 92 93 94 94 95 96 96 97 98 100 101 102 104 105 107 109 111 112 114 116 118 119 121 123 124 126 126 127 128 128 129 129 128 128 127 126 125 124
79 79 79 79 79 79 79 78 78 78 78 78 77 77 77 77 77 77 77 78 78 78 78 79 79 80 81 81 82 83 84 85 85 85 85 86 86 85 85 86 86 86 87 87 88 89 90 91 92 92 93 94 95 96 97 98 100 101 102 104 105 107 108 110 112 114 116 118 119 121 123 125 127 128 130 131 132 133 134 134 134 134 134 134 133 132 131 130
81 81 81 81 81 81 80 80 80 80 79 79 78 78 77 77 77 77 77 77 78 78 78 79 79 80 81 81 82 83 84 85 85 85 85 86 86 86 86 86 86 87 87 88 89 90 91 92 93 94 95 97 98 99 101 102 104 105 107 109 110 112 114 116 118 120 121 123 124 126 128 129 131 133 134 136 137 137 138 139 139 139 139 139 138 138 137 136
82 82 82 82 82 82 82 82 81 81 80 79 79 78 78 77 77 77 77 77 78 78 78 79 79 80 81 82 82 83 84 84 85 85 85 86 86 86 86 87 87 88 89 90 91 92 93 94 96 97 98 100 102 103 105 107 108 110 112 114 116 117 119 121 123 125 126 128 129 130 131 133 134 136 137 139 140 141 141 142 142 143 143 143 143 143 142 142
83 83 83 83 83 83 83 82 82 82 81 80 79 79 78 77 77 77 77 77 78 78 79 79 80 80 81 82 82 83 84 84 85 85 85 86 86 87 87 88 88 90 91 92 94 95 97 98 100 101 103 105 106 108 110 112 114 116 117 119 121 123 125 127 128 130 131 132 132 133 134 135 136 137 139 140 141 142 143 144 144 145 145 146 146 147 147 146
